-8.788846807533206 -7.38626335770177 4.892131841848869
-2.0256836964621243 -9.997622348496138 -1.366445092534863
-5.269206484009244 3.944766931141821 -3.0059168764009456
-8.805719680804568 7.4111453212238345 3.951091700499778
4.927840032001443 -6.620546172998669 4.062309217285598
-6.322666843342755 -0.23090815879400317 -2.0886183413906636
-6.766168379372237 5.662445206580104 3.699720539688353
8.916045119033534 -2.9529174052113394 -0.09902824711367866
-8.969742350005808 6.135251533886439 5.946988935230486
9.567590252821663 -5.291976371683875 2.913375075769982
-4.993307763445001 -9.212367810429905 -6.262929028692011
3.5317838083474626 -7.022471564254323 -3.8570533912188014
-0.8025642012491723 1.958978032583472 -4.8547492909477485
-5.665520567278257 3.566146994580272 -1.842925350548095
-8.671840263922672 0.13602961932118163 5.76533581123103
-1.850135335947968 0.5569007695155577 4.7875576852506265
-1.2915281918562656 2.0707723356293766 -3.7919978687936258
2.5921662516913546 4.783314818076059 4.133099428522255
-3.6460608544057287 -1.391866123870706 -2.018833112800993
-6.999758104051055 -9.791584832344153 5.856376830559442
5.9064236804320664 9.133989250486621 -5.094605461151695
-5.836040840973656 -1.3896751360784556 0.30889414187824027
5.78374044529289 -5.172911932553967 -4.417741706783359
-9.200853169959228 9.934832680210853 -0.42784636735152254
-3.32958451082646 1.4454548194832242 7.001745586328235
0.2962129411894914 -2.7239044397733414 -6.943573207239012
3.8403023888725762 7.540960884721571 6.134657592056768
2.014726584454369 -6.507723421101015 -0.8978267645618337
6.737048366751953 8.166269947481982 -0.8148339741284631
5.773074793025684 1.7642054920934314 -0.6151014263869596
-3.15908291849569 -0.28211305779541895 -1.3339143917016127
7.976843688347458 9.291529760744236 1.77786047745474
-7.304512418232399 -2.896935636322149 -5.766289002201203
-5.73113842068131 2.2439423746096825 3.1817229932490605
5.607036617971941 2.4053217515916536 4.266326852350977
9.43087659255768 0.15993989525121322 2.9962817857342863
-7.172467876894062 9.851301731296786 4.418723562769331
-3.5589642853378027 2.748871719563109 6.7020880418628
5.840053577778416 -0.3445785225702487 6.242435130151222
-7.885502684041716 4.161842792826086 5.462584231060132
-1.24885544747392 4.441107239997839 3.6875075896027107
-0.7554524696901375 9.071407838548797 -6.159426469592095
-1.8517845056044617 -8.29836527903141 6.940449678410029
-4.133725928865541 7.440952122298093 4.725063755883997
-1.8392312275630047 3.594993349493471 -3.3549273231792833
-4.771516192027663 8.275722710986557 0.10882504623356892
6.140389752940582 2.099716309431221 -2.8372325698619387
-9.742441100525705 -6.717735252532968 -6.8374245459599985
9.178590330341027 -4.985621168946118 1.2913807540170719
1.556094438063182 -3.7195072931304 -3.7887391045272167
0.9160229283497916 8.065120995801468 -1.7223977213319532
-7.805342190213482 4.211207613659859 4.620035384897608
-9.735368986846101 6.964979787024571 -1.6566462266277824
5.473543040625209 1.2879641348760522 -1.84193020090351
9.770694783483759 -1.4695815310141178 5.472875976762698
6.369611001344278 1.2775426404879155 3.1566087646935315
1.5414691532936526 4.390581915071198 -5.934297301219361
-6.883503561151912 -2.5862836669402895 3.0074141184309653
0.12213853465800462 -3.171478340214195 -1.4840230100557905
-1.154911390067186 2.4248572422682724 -7.018988395281307
-0.5770105742141229 8.285815913956757 0.14787356333254748
7.654960000725911 -6.489072402456939 6.3511138906941795
-8.38497534603059 -5.1925557304727255 5.3985327075339855
-6.270819993742673 -9.386680789715253 4.5382324616944025
-2.5446401366201847 -8.768619655876895 2.302547650088684
-5.839841717759318 6.768655494044566 3.6051415278780947
4.087185669750816 -2.766160443772132 2.3261829189287098
-0.23996540878409078 -0.4066162753853835 5.207591915887943
-3.868170635378907 -5.875246598141793 -2.6544861970155997
4.273304278338433 -7.157474427773893 -1.2103986575420707
8.291545291163612 6.781935005735097 -4.941315713046494
-2.6937598909089218 -4.636240308880173 -3.4458146039360367
-0.8071641803640457 5.259033427906568 6.215732757226183
4.937510856083948 9.833946921350908 -0.9598345479605912
3.7179015422167367 3.722705560666924 6.394943416460574
2.2555076780904155 -2.175591399261534 -3.4060147056820527
-0.8576270971875317 5.125200091532925 -4.006057082512147
-4.420183397474751 -5.161436342718475 1.848939816801073
3.7942373778223413 8.279125324565918 -2.1791974467374344
-3.669244363450874 -3.0976919006157777 -4.494774879514909
3.1564684807396013 9.965943862482977 -3.0096129705954615
8.638605905289893 0.32566130965857987 3.5262313499959226
-2.0863232721831455 -6.2293277556690345 4.015357269699308
-3.181576611110623 3.1047694246474915 3.5122866962046753
-9.96451046803887 1.4321620432139 4.955028803340867
-6.702399877274994 4.5917309406328695 1.420492228041669
5.220015875028267 -1.2684281219943863 7.437123299824683
2.3802765499188876 2.3023479307573247 3.8062497903488905
4.901790468962673 -0.9353318637301946 -2.3582190911723413
6.7396115952131055 -9.927796829053644 -6.615762851051355
3.2304521989068 5.384821276881267 3.662648036887934
2.7808812595800276 5.235922739879502 4.917205756277287
-7.591730800040233 1.0280912620486724 1.702704188557108
-7.781064266568167 -6.430002316161342 4.298451887319812
9.232393449795545 -2.454180859256092 5.954143667747459
-2.2740123830413816 8.94810921249514 3.1120938273688137
-6.808072483030987 -5.450237259837327 4.846213425625296
-2.410661847720208 7.779623697247889 -7.013489666966406
2.180660118155334 9.100100820032516 2.147367067720563
-2.9569045274137533 -7.304247058228381 5.320351221305458
