-8.788846807533206 -7.38626335770177 0.5301387536800006
-2.0256836964621243 -9.997622348496138 -0.48690635977183117
-5.269206484009244 3.944766931141821 -0.6108676204334297
-8.805719680804568 7.4111453212238345 -0.524295720237306
4.927840032001443 -6.620546172998669 0.3233452278896036
-6.322666843342755 -0.23090815879400317 0.009033463114779114
-6.766168379372237 5.662445206580104 0.2701258150610632
8.916045119033534 -2.9529174052113394 -0.09135396452952374
-8.969742350005808 6.135251533886439 0.06477917012225584
9.567590252821663 -5.291976371683875 -0.1190836732413243
-4.993307763445001 -9.212367810429905 -0.2025527235978011
3.5317838083474626 -7.022471564254323 0.25627511544061454
-0.8025642012491723 1.958978032583472 -0.6656353488725646
-5.665520567278257 3.566146994580272 -0.23855339583006005
-8.671840263922672 0.13602961932118163 -0.0927284594471985
-1.850135335947968 0.5569007695155577 -0.5080697997683992
-1.2915281918562656 2.0707723356293766 -0.8435938193984345
2.5921662516913546 4.783314818076059 -0.5208852348467741
-3.6460608544057287 -1.391866123870706 -0.47562523383699185
-6.999758104051055 -9.791584832344153 -0.23555399886424713
5.9064236804320664 9.133989250486621 -0.10548304282362883
-5.836040840973656 -1.3896751360784556 -0.4253195810142394
5.78374044529289 -5.172911932553967 -0.4290425959125531
-9.200853169959228 9.934832680210853 0.10841432896103305
-3.32958451082646 1.4454548194832242 0.1854203921142973
0.2962129411894914 -2.7239044397733414 -0.1184088701381377
3.8403023888725762 7.540960884721571 -0.6119742758456513
2.014726584454369 -6.507723421101015 -0.20107417908050898
6.737048366751953 8.166269947481982 0.4172346996471135
5.773074793025684 1.7642054920934314 -0.4791696745334039
-3.15908291849569 -0.28211305779541895 -0.004868793070349191
7.976843688347458 9.291529760744236 0.1318527821503384
-7.304512418232399 -2.896935636322149 0.20656870539619465
-5.73113842068131 2.2439423746096825 0.41003391218549534
5.607036617971941 2.4053217515916536 -0.4202388688046705
9.43087659255768 0.15993989525121322 -0.0009712551820263613
-7.172467876894062 9.851301731296786 0.32129430325620706
-3.5589642853378027 2.748871719563109 0.15513240057070632
5.840053577778416 -0.3445785225702487 0.14483878151557264
-7.885502684041716 4.161842792826086 0.8518155623853841
-1.24885544747392 4.441107239997839 0.9139302638278408
-0.7554524696901375 9.071407838548797 -0.23726614109483452
-1.8517845056044617 -8.29836527903141 0.8674667172539252
-4.133725928865541 7.440952122298093 0.7667940727584907
-1.8392312275630047 3.594993349493471 0.42233824231997497
-4.771516192027663 8.275722710986557 0.910783230497874
6.140389752940582 2.099716309431221 -0.12286436497997548
-9.742441100525705 -6.717735252532968 -0.1314989788930413
9.178590330341027 -4.985621168946118 0.23466765027541991
1.556094438063182 -3.7195072931304 0.5462193835605157
0.9160229283497916 8.065120995801468 0.7755714804532737
-7.805342190213482 4.211207613659859 0.8759783570230432
-9.735368986846101 6.964979787024571 0.1925987633791168
5.473543040625209 1.2879641348760522 -0.6952735416956659
9.770694783483759 -1.4695815310141178 0.33732408085353127
6.369611001344278 1.2775426404879155 0.08263308387835928
1.5414691532936526 4.390581915071198 -0.9482574899012847
-6.883503561151912 -2.5862836669402895 0.29782129788917194
0.12213853465800462 -3.171478340214195 0.0036405832578151535
-1.154911390067186 2.4248572422682724 -0.6009298347241594
-0.5770105742141229 8.285815913956757 -0.49544188736604594
7.654960000725911 -6.489072402456939 -0.20040013949728688
-8.38497534603059 -5.1925557304727255 -0.7647931175987737
-6.270819993742673 -9.386680789715253 -0.0004709575129024192
-2.5446401366201847 -8.768619655876895 0.34293956495652184
-5.839841717759318 6.768655494044566 0.2001641720380275
4.087185669750816 -2.766160443772132 0.29731600925413876
-0.23996540878409078 -0.4066162753853835 0.09399899544334954
-3.868170635378907 -5.875246598141793 0.2635460294488413
4.273304278338433 -7.157474427773893 0.6943225824882356
8.291545291163612 6.781935005735097 0.4332630749801443
-2.6937598909089218 -4.636240308880173 -0.43175819906067203
-0.8071641803640457 5.259033427906568 0.6170665879016308
4.937510856083948 9.833946921350908 0.38780811647375774
3.7179015422167367 3.722705560666924 0.299143277728
2.2555076780904155 -2.175591399261534 -0.6372017399993529
-0.8576270971875317 5.125200091532925 0.6927611883384303
-4.420183397474751 -5.161436342718475 0.8626743272856143
3.7942373778223413 8.279125324565918 -0.55322846134889
-3.669244363450874 -3.0976919006157777 -0.022097185477244253
3.1564684807396013 9.965943862482977 0.007662786204806728
8.638605905289893 0.32566130965857987 0.2264035042046715
-2.0863232721831455 -6.2293277556690345 -0.046835200838595555
-3.181576611110623 3.1047694246474915 0.0014716135194005732
-9.96451046803887 1.4321620432139 0.5089759426808727
-6.702399877274994 4.5917309406328695 0.4040838119373054
5.220015875028267 -1.2684281219943863 0.8342551366785561
2.3802765499188876 2.3023479307573247 0.5133626032756996
4.901790468962673 -0.9353318637301946 0.7904040071260336
6.7396115952131055 -9.927796829053644 0.21247017052200046
3.2304521989068 5.384821276881267 0.06942416887225301
2.7808812595800276 5.235922739879502 -0.30566642287360857
-7.591730800040233 1.0280912620486724 -0.8270364169247917
-7.781064266568167 -6.430002316161342 0.14590139549756356
9.232393449795545 -2.454180859256092 -0.12132381132549261
-2.2740123830413816 8.94810921249514 -0.34997386215445975
-6.808072483030987 -5.450237259837327 -0.37078414717338537
-2.410661847720208 7.779623697247889 -0.6657182968052925
2.180660118155334 9.100100820032516 0.26149491125871055
-2.9569045274137533 -7.304247058228381 0.1565830513552114
