-10.0 1.3501730498915046
-9.797979797979798 0.35249645517687056
-9.595959595959595 0.7071512441400349
-9.393939393939394 0.1996536770513061
-9.191919191919192 -0.3554690067095156
-8.98989898989899 -0.03183024894802661
-8.787878787878787 -1.0816075844366146
-8.585858585858587 -1.204893059782047
-8.383838383838384 -0.6124822148045385
-8.181818181818182 -0.6867783397592347
-7.979797979797979 -0.9782575917338444
-7.777777777777778 -1.3615989027928608
-7.575757575757576 -1.14265033549464
-7.373737373737374 -1.8432590452075805
-7.171717171717171 -1.732166185551276
-6.96969696969697 -0.5366515905938316
-6.767676767676768 0.26269191314814005
-6.565656565656566 0.025119658068298134
-6.363636363636363 0.16210889212042007
-6.161616161616162 0.020186673260514917
-5.959595959595959 0.6193677889252847
-5.757575757575758 -0.4423197589255058
-5.555555555555555 0.2792981873048752
-5.353535353535354 0.8488017195229115
-5.151515151515151 0.9498803651292086
-4.94949494949495 1.7738355029053123
-4.747474747474747 0.9936872780929236
-4.545454545454546 0.5869790087600357
-4.343434343434343 1.7288698566704026
-4.141414141414142 0.45408473859410103
-3.9393939393939394 -0.029096984250180924
-3.737373737373738 0.7958773541388878
-3.5353535353535355 0.5006212937501461
-3.333333333333333 -0.3729389226326033
-3.1313131313131315 0.7882359471449575
-2.929292929292929 -0.5298551681015093
-2.7272727272727275 -0.318309045173518
-2.525252525252525 -0.463499401570587
-2.3232323232323235 -0.9146285721534951
-2.121212121212121 -0.3291363024009881
-1.9191919191919187 -0.4726523501612868
-1.717171717171718 -1.6146519637649002
-1.5151515151515156 -0.3796071729234687
-1.3131313131313131 -1.7792802896094246
-1.1111111111111107 -1.1007956233827394
-0.9090909090909101 -0.18388879337482555
-0.7070707070707076 -0.6885793828622885
-0.5050505050505052 -0.6290012581402542
-0.30303030303030276 -0.5387759027342773
-0.10101010101010033 0.2842782572509202
0.10101010101010033 0.48188782462222485
0.30303030303030276 -0.3756819893676499
0.5050505050505052 1.1237264547488044
0.7070707070707076 1.2899543025962572
0.9090909090909083 -0.020483771820510532
1.1111111111111107 1.8296430446620957
1.3131313131313131 1.5687758005740908
1.5151515151515156 0.5496480478077723
1.7171717171717162 1.9108379072597963
1.9191919191919187 0.8834684785070932
2.121212121212121 0.8677501046527691
2.3232323232323235 1.6814943657350054
2.525252525252524 0.9873158634063018
2.7272727272727266 -0.4732402151818142
2.929292929292929 0.45571209161392223
3.1313131313131315 -0.8640911017204288
3.333333333333334 0.6580370312777226
3.5353535353535346 0.2898423046371302
3.737373737373737 -1.314526629041176
3.9393939393939394 -1.5166585925134306
4.141414141414142 -0.5314752668066888
4.3434343434343425 -1.4530367163432012
4.545454545454545 -1.6795530953560953
4.747474747474747 -0.9694396982966373
4.94949494949495 -1.27563861653325
5.1515151515151505 -1.4252572320648238
5.353535353535353 -0.486285359585628
5.555555555555555 0.18529620636111066
5.757575757575758 -0.7890360578978051
5.9595959595959584 -0.14838903124352354
6.161616161616163 0.40289995848985105
6.363636363636363 -0.16682005129204475
6.565656565656564 0.6767372692760771
6.767676767676768 -0.12644859067953157
6.969696969696969 1.047642205311696
7.171717171717173 1.3577710308428186
7.373737373737374 1.214453763249453
7.575757575757574 0.182415508038701
7.777777777777779 0.02112218195315585
7.979797979797979 1.71440407314413
8.18181818181818 0.048322949538676885
8.383838383838384 0.4405768985803318
8.585858585858585 0.10225380139822227
8.787878787878789 0.13883186496251865
8.98989898989899 -0.1591000735891574
9.19191919191919 0.9693669007565451
9.393939393939394 -0.4217276298497644
9.595959595959595 -0.85537308580905
9.7979797979798 -0.4406416186823798
10.0 -0.17213081714817957
