-10.0 1.197558371052279
-9.797979797979798 0.937301853604083
-9.595959595959595 0.1685247943987414
-9.393939393939394 0.3182918119568704
-9.191919191919192 -0.8931136172874248
-8.98989898989899 -0.3296782104798927
-8.787878787878787 -0.995611271853799
-8.585858585858587 -0.40182864959639464
-8.383838383838384 -1.3082255223990227
-8.181818181818182 -1.567432806347242
-7.979797979797979 -0.32855976090959305
-7.777777777777778 -0.958935143370051
-7.575757575757576 -1.4119186831639623
-7.373737373737374 -0.9222841310352089
-7.171717171717171 -0.18058473034867106
-6.96969696969697 -0.09801814724530367
-6.767676767676768 -1.0419476233700389
-6.565656565656566 0.10487652494112448
-6.363636363636363 -0.7281029988727785
-6.161616161616162 0.2576025469452661
-5.959595959595959 0.7625495022920925
-5.757575757575758 0.6950015955822925
-5.555555555555555 1.2672094771455389
-5.353535353535354 0.22715938054553186
-5.151515151515151 0.6116591339076651
-4.94949494949495 0.43358164686256917
-4.747474747474747 1.0485929023081484
-4.545454545454546 0.5355252386794892
-4.343434343434343 1.4432130584816036
-4.141414141414142 0.9900602821847085
-3.9393939393939394 0.6025302917991497
-3.737373737373738 0.25463902141244216
-3.5353535353535355 0.5955638317903994
-3.333333333333333 0.2494213824035656
-3.1313131313131315 0.14506932218212493
-2.929292929292929 0.41616101761395663
-2.7272727272727275 -0.866315978130163
-2.525252525252525 -0.34580991744595047
-2.3232323232323235 -0.2968480418178985
-2.121212121212121 -0.8317053761427761
-1.9191919191919187 -1.5090976689644864
-1.717171717171718 -1.1954561441309044
-1.5151515151515156 -0.5627945596463484
-1.3131313131313131 -0.393129118341798
-1.1111111111111107 -0.9970378187215625
-0.9090909090909101 -0.8034360184683083
-0.7070707070707076 -1.0649372898572012
-0.5050505050505052 -0.4444407682223082
-0.30303030303030276 -0.37043956422385754
-0.10101010101010033 0.27777291044184677
0.10101010101010033 0.38088158130077626
0.30303030303030276 0.5502511693956391
0.5050505050505052 1.0401489361509073
0.7070707070707076 0.8712634510823056
0.9090909090909083 0.32329308048869315
1.1111111111111107 1.4079680924541624
1.3131313131313131 0.3384936226587215
1.5151515151515156 0.6708711735229698
1.7171717171717162 1.1992327432594956
1.9191919191919187 1.4841527496710687
2.121212121212121 1.1450406396035588
2.3232323232323235 1.0536939771184743
2.525252525252524 0.03728568326184867
2.7272727272727266 0.276220084350355
2.929292929292929 0.4505192354806776
3.1313131313131315 0.13573419450393215
3.333333333333334 -0.27179699370897803
3.5353535353535346 -0.8920104780339966
3.737373737373737 -1.094471819144361
3.9393939393939394 -0.9320144364707073
4.141414141414142 -0.910116749901294
4.3434343434343425 -1.3246057599730476
4.545454545454545 -1.0756446569741542
4.747474747474747 -1.0625743939016394
4.94949494949495 -0.5256918636790746
5.1515151515151505 -0.5791502870773951
5.353535353535353 -0.8767933792794471
5.555555555555555 -0.5751633278636835
5.757575757575758 -1.09522007540916
5.9595959595959584 -0.37756762949359113
6.161616161616163 -0.5985699610689259
6.363636363636363 0.2749888724287936
6.565656565656564 0.45511368131182334
6.767676767676768 -0.1581303029567926
6.969696969696969 0.8656393775814594
7.171717171717173 1.3067220022252486
7.373737373737374 1.428116984162946
7.575757575757574 0.8784773813821631
7.777777777777779 0.49178600687054363
7.979797979797979 0.4605413802286533
8.18181818181818 0.5295790855432951
8.383838383838384 0.9174011591689714
8.585858585858585 0.6889026657413235
8.787878787878789 1.1948233265893156
8.98989898989899 1.0162097151938143
9.19191919191919 0.7997161353045661
9.393939393939394 0.5045691062845329
9.595959595959595 0.5140568606578537
9.7979797979798 -0.44235534339903354
10.0 -0.27302267218014287
