-8.788846807533206 -7.38626335770177 -2.338385685098506
-2.0256836964621243 -9.997622348496138 2.1885037257367665
-5.269206484009244 3.944766931141821 -6.202885987570815
-8.805719680804568 7.4111453212238345 -3.4792329546512804
4.927840032001443 -6.620546172998669 -0.06511915014789538
-6.322666843342755 -0.23090815879400317 -0.8681511138402448
-6.766168379372237 5.662445206580104 3.743091726663673
8.916045119033534 -2.9529174052113394 -0.6607132380451058
-8.969742350005808 6.135251533886439 -5.858729742147996
9.567590252821663 -5.291976371683875 -0.14635685297680423
-4.993307763445001 -9.212367810429905 3.5180727735916113
3.5317838083474626 -7.022471564254323 -5.532971076924452
-0.8025642012491723 1.958978032583472 2.2749621627970305
-5.665520567278257 3.566146994580272 -4.6897775775767006
-8.671840263922672 0.13602961932118163 4.155396862277234
-1.850135335947968 0.5569007695155577 -5.058869724115062
-1.2915281918562656 2.0707723356293766 -6.301492564952141
2.5921662516913546 4.783314818076059 -1.044870312464574
-3.6460608544057287 -1.391866123870706 0.3198869175991016
-6.999758104051055 -9.791584832344153 5.191453808349651
5.9064236804320664 9.133989250486621 0.6429611926630387
-5.836040840973656 -1.3896751360784556 -5.856945599497159
5.78374044529289 -5.172911932553967 -0.4333809587199636
-9.200853169959228 9.934832680210853 1.9367956235402717
-3.32958451082646 1.4454548194832242 -0.6466882981907734
0.2962129411894914 -2.7239044397733414 2.360307488506233
3.8403023888725762 7.540960884721571 3.4843730351461097
2.014726584454369 -6.507723421101015 -5.260520653498648
6.737048366751953 8.166269947481982 -2.155631485698283
5.773074793025684 1.7642054920934314 -3.5433962215729204
-3.15908291849569 -0.28211305779541895 -4.263933942288054
7.976843688347458 9.291529760744236 -0.3472143906259639
-7.304512418232399 -2.896935636322149 5.3562407355678125
-5.73113842068131 2.2439423746096825 5.0296487060184285
5.607036617971941 2.4053217515916536 -5.065196878504398
9.43087659255768 0.15993989525121322 -2.6088210591640784
-7.172467876894062 9.851301731296786 -2.1821937798964566
-3.5589642853378027 2.748871719563109 2.4303667919813883
5.840053577778416 -0.3445785225702487 4.613762197794395
-7.885502684041716 4.161842792826086 3.0605252762298787
-1.24885544747392 4.441107239997839 6.856845579824057
-0.7554524696901375 9.071407838548797 2.098677564141571
-1.8517845056044617 -8.29836527903141 -0.3386182113358298
-4.133725928865541 7.440952122298093 0.8376937914963499
-1.8392312275630047 3.594993349493471 -3.127917489426516
-4.771516192027663 8.275722710986557 -2.00772810107064
6.140389752940582 2.099716309431221 -1.8559366687285777
-9.742441100525705 -6.717735252532968 3.1762833219240725
9.178590330341027 -4.985621168946118 -5.100270525304746
1.556094438063182 -3.7195072931304 2.8738840581778726
0.9160229283497916 8.065120995801468 0.0035690408269698493
-7.805342190213482 4.211207613659859 -0.2951149069000508
-9.735368986846101 6.964979787024571 5.812734377178745
5.473543040625209 1.2879641348760522 0.6061168713112228
9.770694783483759 -1.4695815310141178 4.09466909457884
6.369611001344278 1.2775426404879155 -2.661912849461972
1.5414691532936526 4.390581915071198 -3.996818174595563
-6.883503561151912 -2.5862836669402895 5.085613864951646
0.12213853465800462 -3.171478340214195 1.3864833314828022
-1.154911390067186 2.4248572422682724 -1.5996306030670122
-0.5770105742141229 8.285815913956757 -1.5251094973784909
7.654960000725911 -6.489072402456939 0.7146346646973213
-8.38497534603059 -5.1925557304727255 2.8961120806778187
-6.270819993742673 -9.386680789715253 4.595923107408557
-2.5446401366201847 -8.768619655876895 0.014834260997409865
-5.839841717759318 6.768655494044566 0.06953833555746336
4.087185669750816 -2.766160443772132 3.313247545563025
-0.23996540878409078 -0.4066162753853835 2.989452841957965
-3.868170635378907 -5.875246598141793 -2.716450332528111
4.273304278338433 -7.157474427773893 5.188322361009975
8.291545291163612 6.781935005735097 2.398086843026913
-2.6937598909089218 -4.636240308880173 3.23883101517666
-0.8071641803640457 5.259033427906568 -1.1442081005828149
4.937510856083948 9.833946921350908 -0.5961195138098005
3.7179015422167367 3.722705560666924 -4.939068291687341
2.2555076780904155 -2.175591399261534 -4.017378363543732
-0.8576270971875317 5.125200091532925 -1.8774121383666702
-4.420183397474751 -5.161436342718475 -1.609996051368244
3.7942373778223413 8.279125324565918 -2.560113055461454
-3.669244363450874 -3.0976919006157777 2.5997706813061323
3.1564684807396013 9.965943862482977 3.100187511682666
8.638605905289893 0.32566130965857987 -4.47398196034145
-2.0863232721831455 -6.2293277556690345 -5.167987490212464
-3.181576611110623 3.1047694246474915 5.000839097411967
-9.96451046803887 1.4321620432139 5.529156432403276
-6.702399877274994 4.5917309406328695 -3.7962235511898412
5.220015875028267 -1.2684281219943863 0.9430778464368704
2.3802765499188876 2.3023479307573247 3.831841146701871
4.901790468962673 -0.9353318637301946 1.912246663960424
6.7396115952131055 -9.927796829053644 3.4724048599392923
3.2304521989068 5.384821276881267 6.047556500621682
2.7808812595800276 5.235922739879502 0.6365329089642762
-7.591730800040233 1.0280912620486724 4.445074686269654
-7.781064266568167 -6.430002316161342 -4.7761564601191795
9.232393449795545 -2.454180859256092 -3.342996225624543
-2.2740123830413816 8.94810921249514 0.6762424832867135
-6.808072483030987 -5.450237259837327 4.048822218847495
-2.410661847720208 7.779623697247889 0.03225911417545191
2.180660118155334 9.100100820032516 0.24989739325107901
-2.9569045274137533 -7.304247058228381 0.7914861819097194
