-8.788846807533206 -7.38626335770177 -2.2921809981339214
-2.0256836964621243 -9.997622348496138 1.38868944918873
-5.269206484009244 3.944766931141821 -3.7370657856723923
-8.805719680804568 7.4111453212238345 -5.189702837862865
4.927840032001443 -6.620546172998669 -1.9246428876118318
-6.322666843342755 -0.23090815879400317 -1.721885407883705
-6.766168379372237 5.662445206580104 -0.27611037945802425
8.916045119033534 -2.9529174052113394 -0.9101396652167556
-8.969742350005808 6.135251533886439 -1.268859528466215
9.567590252821663 -5.291976371683875 -0.09564787196620506
-4.993307763445001 -9.212367810429905 -4.565612958968364
3.5317838083474626 -7.022471564254323 4.551175247869321
-0.8025642012491723 1.958978032583472 -2.7520913996477767
-5.665520567278257 3.566146994580272 3.5200534864373765
-8.671840263922672 0.13602961932118163 4.628151326347473
-1.850135335947968 0.5569007695155577 -1.7520427501622635
-1.2915281918562656 2.0707723356293766 2.3243320876777807
2.5921662516913546 4.783314818076059 -1.843602772488668
-3.6460608544057287 -1.391866123870706 -0.4293329758893648
-6.999758104051055 -9.791584832344153 1.3997344930696536
5.9064236804320664 9.133989250486621 -2.1368121899984036
-5.836040840973656 -1.3896751360784556 -2.1755638506295663
5.78374044529289 -5.172911932553967 -4.680582723793444
-9.200853169959228 9.934832680210853 -3.546287648675499
-3.32958451082646 1.4454548194832242 -1.539999813695369
0.2962129411894914 -2.7239044397733414 -1.5076124195692793
3.8403023888725762 7.540960884721571 1.3467376062279426
2.014726584454369 -6.507723421101015 -2.6809694856666555
6.737048366751953 8.166269947481982 -1.57331335403399
5.773074793025684 1.7642054920934314 -4.947038890888104
-3.15908291849569 -0.28211305779541895 2.1006761499077156
7.976843688347458 9.291529760744236 -0.4836526076423155
-7.304512418232399 -2.896935636322149 -0.942178273940292
-5.73113842068131 2.2439423746096825 1.822041641926746
5.607036617971941 2.4053217515916536 2.283293865765435
9.43087659255768 0.15993989525121322 -2.235685820469682
-7.172467876894062 9.851301731296786 2.272852309734659
-3.5589642853378027 2.748871719563109 -3.9615849978194184
5.840053577778416 -0.3445785225702487 -1.8775912232541878
-7.885502684041716 4.161842792826086 0.7150990409502146
-1.24885544747392 4.441107239997839 4.474279648802622
-0.7554524696901375 9.071407838548797 3.545081673791757
-1.8517845056044617 -8.29836527903141 0.4317849478846638
-4.133725928865541 7.440952122298093 4.793238264094939
-1.8392312275630047 3.594993349493471 -1.405024499057951
-4.771516192027663 8.275722710986557 0.08857851280948426
6.140389752940582 2.099716309431221 -4.950038932179166
-9.742441100525705 -6.717735252532968 -2.2913662479514154
9.178590330341027 -4.985621168946118 -0.4889014452757092
1.556094438063182 -3.7195072931304 0.02732414173536235
0.9160229283497916 8.065120995801468 5.643271374775348
-7.805342190213482 4.211207613659859 -3.6935913504720004
-9.735368986846101 6.964979787024571 -3.2154185173285956
5.473543040625209 1.2879641348760522 -3.206003231650232
9.770694783483759 -1.4695815310141178 3.480867886991707
6.369611001344278 1.2775426404879155 1.2415659929209855
1.5414691532936526 4.390581915071198 -2.348615038616639
-6.883503561151912 -2.5862836669402895 0.4013482071917354
0.12213853465800462 -3.171478340214195 3.279466397356477
-1.154911390067186 2.4248572422682724 1.318356084301191
-0.5770105742141229 8.285815913956757 4.453053297368837
7.654960000725911 -6.489072402456939 2.8187589098426074
-8.38497534603059 -5.1925557304727255 3.4584862636956286
-6.270819993742673 -9.386680789715253 -1.8906047987974752
-2.5446401366201847 -8.768619655876895 4.6988299019839275
-5.839841717759318 6.768655494044566 -4.375479334010552
4.087185669750816 -2.766160443772132 -3.8532770964464382
-0.23996540878409078 -0.4066162753853835 -3.1466990023001045
-3.868170635378907 -5.875246598141793 -0.7556124549139872
4.273304278338433 -7.157474427773893 4.054818531926652
8.291545291163612 6.781935005735097 -2.237068980191323
-2.6937598909089218 -4.636240308880173 -4.685469624469446
-0.8071641803640457 5.259033427906568 -1.950405788407846
4.937510856083948 9.833946921350908 -0.9936654526281503
3.7179015422167367 3.722705560666924 -1.4965077914785567
2.2555076780904155 -2.175591399261534 -4.852664684792891
-0.8576270971875317 5.125200091532925 3.0909798139982376
-4.420183397474751 -5.161436342718475 -3.229381048634312
3.7942373778223413 8.279125324565918 3.6585356212722986
-3.669244363450874 -3.0976919006157777 -2.489751693287582
3.1564684807396013 9.965943862482977 -1.2361235247903026
8.638605905289893 0.32566130965857987 -1.1990589629230721
-2.0863232721831455 -6.2293277556690345 -1.9778906693266343
-3.181576611110623 3.1047694246474915 -3.9230042641958414
-9.96451046803887 1.4321620432139 -2.976681795091232
-6.702399877274994 4.5917309406328695 2.309583052242051
5.220015875028267 -1.2684281219943863 -1.1988656904689061
2.3802765499188876 2.3023479307573247 0.24276065161961313
4.901790468962673 -0.9353318637301946 -3.7499224872577424
6.7396115952131055 -9.927796829053644 -3.5771607242391266
3.2304521989068 5.384821276881267 4.087922106289087
2.7808812595800276 5.235922739879502 4.604504986910362
-7.591730800040233 1.0280912620486724 -0.20839591154899617
-7.781064266568167 -6.430002316161342 -0.8815159289341249
9.232393449795545 -2.454180859256092 2.4519599358870527
-2.2740123830413816 8.94810921249514 3.2186914354011606
-6.808072483030987 -5.450237259837327 -4.731993368974026
-2.410661847720208 7.779623697247889 -1.8861079208551303
2.180660118155334 9.100100820032516 1.91101805594595
-2.9569045274137533 -7.304247058228381 4.35763631869392
