-8.788846807533206 -7.38626335770177 1.1423034710877604
-2.0256836964621243 -9.997622348496138 -14.211568827482212
-5.269206484009244 3.944766931141821 4.964930916961665
-8.805719680804568 7.4111453212238345 11.075307834397671
4.927840032001443 -6.620546172998669 -5.847221621514183
-6.322666843342755 -0.23090815879400317 -9.657665598392269
-6.766168379372237 5.662445206580104 6.695254461183835
8.916045119033534 -2.9529174052113394 -12.706390718123037
-8.969742350005808 6.135251533886439 8.723313234207561
9.567590252821663 -5.291976371683875 12.480394409897865
-4.993307763445001 -9.212367810429905 -12.13977803755
3.5317838083474626 -7.022471564254323 -9.740449413054636
-0.8025642012491723 1.958978032583472 6.95851124716272
-5.665520567278257 3.566146994580272 -4.57677781752006
-8.671840263922672 0.13602961932118163 -7.343331666323398
-1.850135335947968 0.5569007695155577 12.469360628181924
-1.2915281918562656 2.0707723356293766 0.6144064454042362
2.5921662516913546 4.783314818076059 13.122957922833484
-3.6460608544057287 -1.391866123870706 12.6678065637899
-6.999758104051055 -9.791584832344153 9.70629507619654
5.9064236804320664 9.133989250486621 10.093701902107686
-5.836040840973656 -1.3896751360784556 -8.621617033831836
5.78374044529289 -5.172911932553967 9.57313500378003
-9.200853169959228 9.934832680210853 5.837941644038627
-3.32958451082646 1.4454548194832242 3.3634539306736517
0.2962129411894914 -2.7239044397733414 3.55617565025238
3.8403023888725762 7.540960884721571 2.7647968775322758
2.014726584454369 -6.507723421101015 6.159643255373654
6.737048366751953 8.166269947481982 -6.297524341448028
5.773074793025684 1.7642054920934314 13.239175920814167
-3.15908291849569 -0.28211305779541895 10.723483881957842
7.976843688347458 9.291529760744236 -3.6562152526896403
-7.304512418232399 -2.896935636322149 -3.0650520405405492
-5.73113842068131 2.2439423746096825 -10.843196712076066
5.607036617971941 2.4053217515916536 13.253865388204321
9.43087659255768 0.15993989525121322 1.021853221031865
-7.172467876894062 9.851301731296786 -11.147038549160705
-3.5589642853378027 2.748871719563109 -13.390215208712732
5.840053577778416 -0.3445785225702487 12.799752636498566
-7.885502684041716 4.161842792826086 9.940803259847739
-1.24885544747392 4.441107239997839 -0.6548291971969225
-0.7554524696901375 9.071407838548797 -8.664775523924613
-1.8517845056044617 -8.29836527903141 -9.714443665794136
-4.133725928865541 7.440952122298093 5.812538612254397
-1.8392312275630047 3.594993349493471 -2.40616926601755
-4.771516192027663 8.275722710986557 8.64912037127938
6.140389752940582 2.099716309431221 -10.334446387429733
-9.742441100525705 -6.717735252532968 -5.544739490353288
9.178590330341027 -4.985621168946118 0.06191125032109279
1.556094438063182 -3.7195072931304 -5.828106284260592
0.9160229283497916 8.065120995801468 -11.578106923845299
-7.805342190213482 4.211207613659859 3.284332931538539
-9.735368986846101 6.964979787024571 -2.4491007797311983
5.473543040625209 1.2879641348760522 -14.520516532422366
9.770694783483759 -1.4695815310141178 -10.766412124684724
6.369611001344278 1.2775426404879155 -9.794667770603223
1.5414691532936526 4.390581915071198 9.621787303693544
-6.883503561151912 -2.5862836669402895 -4.672709348549873
0.12213853465800462 -3.171478340214195 -1.3561725630372097
-1.154911390067186 2.4248572422682724 5.064462912852225
-0.5770105742141229 8.285815913956757 5.362693117881782
7.654960000725911 -6.489072402456939 -5.445660951343903
-8.38497534603059 -5.1925557304727255 8.57973073252061
-6.270819993742673 -9.386680789715253 -2.0255092073744474
-2.5446401366201847 -8.768619655876895 -11.557424384161715
-5.839841717759318 6.768655494044566 6.630873566380339
4.087185669750816 -2.766160443772132 -0.8352409856682113
-0.23996540878409078 -0.4066162753853835 4.900829481790381
-3.868170635378907 -5.875246598141793 0.23811906489167167
4.273304278338433 -7.157474427773893 4.077277306146022
8.291545291163612 6.781935005735097 -11.728379282082312
-2.6937598909089218 -4.636240308880173 0.7259534419580176
-0.8071641803640457 5.259033427906568 -2.559630571827368
4.937510856083948 9.833946921350908 -3.8221976175243833
3.7179015422167367 3.722705560666924 5.500849873149548
2.2555076780904155 -2.175591399261534 4.070615140770111
-0.8576270971875317 5.125200091532925 -12.68659356424332
-4.420183397474751 -5.161436342718475 -10.330032825237597
3.7942373778223413 8.279125324565918 11.603921127379387
-3.669244363450874 -3.0976919006157777 5.172415258880981
3.1564684807396013 9.965943862482977 -4.695771556476603
8.638605905289893 0.32566130965857987 11.967841423526366
-2.0863232721831455 -6.2293277556690345 3.7880106672048632
-3.181576611110623 3.1047694246474915 -10.122629846837192
-9.96451046803887 1.4321620432139 1.9512611701051583
-6.702399877274994 4.5917309406328695 -3.148089559501837
5.220015875028267 -1.2684281219943863 3.9289636357535533
2.3802765499188876 2.3023479307573247 -2.6136165307055608
4.901790468962673 -0.9353318637301946 10.52811314736246
6.7396115952131055 -9.927796829053644 2.701999630075208
3.2304521989068 5.384821276881267 13.862312637063937
2.7808812595800276 5.235922739879502 -10.103770900993771
-7.591730800040233 1.0280912620486724 9.761580133826783
-7.781064266568167 -6.430002316161342 2.9604523705692425
9.232393449795545 -2.454180859256092 -1.15092176518046
-2.2740123830413816 8.94810921249514 -3.474158125123546
-6.808072483030987 -5.450237259837327 10.064108619887765
-2.410661847720208 7.779623697247889 5.123125549653223
2.180660118155334 9.100100820032516 5.6595310160442
-2.9569045274137533 -7.304247058228381 -13.332537908453755
