-10.0 0.37320068967606324
-9.797979797979798 -0.22984201551440997
-9.595959595959595 -0.08981394348754701
-9.393939393939394 -0.059277948517200474
-9.191919191919192 -0.24679546952408288
-8.98989898989899 -0.021440321780945626
-8.787878787878787 -0.6267973652986553
-8.585858585858587 -0.6423272702970586
-8.383838383838384 -0.4284509119327551
-8.181818181818182 -0.8118044290160819
-7.979797979797979 -1.417078004597525
-7.777777777777778 -1.1106299897797842
-7.575757575757576 -0.43217701375052975
-7.373737373737374 -1.3007661607911367
-7.171717171717171 -0.690380662915924
-6.96969696969697 -0.12592837271319468
-6.767676767676768 -0.8182356933948369
-6.565656565656566 -0.8023458339740868
-6.363636363636363 -0.6307748374911217
-6.161616161616162 -0.07862649568111553
-5.959595959595959 0.8275135876746791
-5.757575757575758 0.6501446928050701
-5.555555555555555 0.8315073596613202
-5.353535353535354 1.2083454047863633
-5.151515151515151 0.8101924397932083
-4.94949494949495 1.1423781075531267
-4.747474747474747 1.0109343275121914
-4.545454545454546 1.5276411536548924
-4.343434343434343 0.8801970491425909
-4.141414141414142 1.3236916398889174
-3.9393939393939394 1.1079168688329446
-3.737373737373738 0.37800435758356465
-3.5353535353535355 0.7984498036622651
-3.333333333333333 0.1712385099623398
-3.1313131313131315 0.43841862666357917
-2.929292929292929 0.019619282261333443
-2.7272727272727275 -0.49815653628335677
-2.525252525252525 -1.1549826097966975
-2.3232323232323235 -0.8408583591721575
-2.121212121212121 -1.0957098875679219
-1.9191919191919187 -1.4200799357749485
-1.717171717171718 -0.5448384566974112
-1.5151515151515156 -0.7236398165272623
-1.3131313131313131 -0.7482371247369902
-1.1111111111111107 -0.4488669415811759
-0.9090909090909101 -1.239512332182822
-0.7070707070707076 -0.8578091753232382
-0.5050505050505052 -0.05314805721252919
-0.30303030303030276 -0.8560305973916069
-0.10101010101010033 0.25235429373419277
0.10101010101010033 0.14995609920024217
0.30303030303030276 0.5543216235102713
0.5050505050505052 0.14252182526644586
0.7070707070707076 0.07910935206025638
0.9090909090909083 1.2961974765041953
1.1111111111111107 0.9552011642654258
1.3131313131313131 0.6504990627484674
1.5151515151515156 1.2438294473679352
1.7171717171717162 1.0000526056211698
1.9191919191919187 0.9494657579748427
2.121212121212121 0.8176828190128674
2.3232323232323235 1.2785165601277737
2.525252525252524 0.24526415410047492
2.7272727272727266 0.8737437635604202
2.929292929292929 0.08037808850189218
3.1313131313131315 -0.12027638602296226
3.333333333333334 -0.6578671744677542
3.5353535353535346 -0.6063254011253507
3.737373737373737 -0.3981784363470211
3.9393939393939394 -0.6127577656572654
4.141414141414142 -0.9737168432542262
4.3434343434343425 -1.485421811450827
4.545454545454545 -1.1862210080722688
4.747474747474747 -1.1884993432757
4.94949494949495 -1.2274723766759865
5.1515151515151505 -0.3563902691342218
5.353535353535353 -0.6727856036376675
5.555555555555555 -0.20719925246024662
5.757575757575758 -0.512555209142635
5.9595959595959584 -0.8901710903595044
6.161616161616163 -0.015960787897686943
6.363636363636363 -0.4338412626461639
6.565656565656564 0.10392438202890836
6.767676767676768 0.13600782496096447
6.969696969696969 0.7725050001723676
7.171717171717173 1.2077545373599883
7.373737373737374 0.32981087685954
7.575757575757574 1.159688419972383
7.777777777777779 1.342198375504783
7.979797979797979 0.9386053657051489
8.18181818181818 1.2280040980460285
8.383838383838384 0.9755820675482364
8.585858585858585 0.4289812632365502
8.787878787878789 0.7629874709359478
8.98989898989899 -0.05831760796805263
9.19191919191919 0.41454951749635005
9.393939393939394 0.5497229145700331
9.595959595959595 -0.5378975721998329
9.7979797979798 -0.7118526233927572
10.0 -0.4154645049341309
