-8.788846807533206 -7.38626335770177 7.7949166091313025
-2.0256836964621243 -9.997622348496138 -5.493254586295172
-5.269206484009244 3.944766931141821 -5.427711468092099
-8.805719680804568 7.4111453212238345 11.31973470990815
4.927840032001443 -6.620546172998669 -2.070841622418653
-6.322666843342755 -0.23090815879400317 6.984412925252093
-6.766168379372237 5.662445206580104 -11.324303714154391
8.916045119033534 -2.9529174052113394 0.2783449857448098
-8.969742350005808 6.135251533886439 -4.877236260411417
9.567590252821663 -5.291976371683875 2.0346727189754055
-4.993307763445001 -9.212367810429905 -1.537385897379215
3.5317838083474626 -7.022471564254323 -3.524059790607193
-0.8025642012491723 1.958978032583472 -0.6844597100995777
-5.665520567278257 3.566146994580272 5.7250444532756735
-8.671840263922672 0.13602961932118163 3.9980897424478608
-1.850135335947968 0.5569007695155577 -9.9050394584639
-1.2915281918562656 2.0707723356293766 8.757748357202892
2.5921662516913546 4.783314818076059 7.590414509519062
-3.6460608544057287 -1.391866123870706 -10.905421980143759
-6.999758104051055 -9.791584832344153 4.953973717283467
5.9064236804320664 9.133989250486621 -0.2354222826384442
-5.836040840973656 -1.3896751360784556 -3.260212615742507
5.78374044529289 -5.172911932553967 -4.57546982278673
-9.200853169959228 9.934832680210853 -3.8778100293051776
-3.32958451082646 1.4454548194832242 2.2050833817645827
0.2962129411894914 -2.7239044397733414 11.235648670321282
3.8403023888725762 7.540960884721571 -0.2585859326787229
2.014726584454369 -6.507723421101015 -1.657331584618902
6.737048366751953 8.166269947481982 -6.772270885177468
5.773074793025684 1.7642054920934314 -9.492285990253816
-3.15908291849569 -0.28211305779541895 -0.5440803408399281
7.976843688347458 9.291529760744236 3.872661528001516
-7.304512418232399 -2.896935636322149 2.3779619353998465
-5.73113842068131 2.2439423746096825 9.282384535166358
5.607036617971941 2.4053217515916536 -6.651817985735169
9.43087659255768 0.15993989525121322 10.695771075659957
-7.172467876894062 9.851301731296786 -10.426661636019931
-3.5589642853378027 2.748871719563109 -10.505949750642829
5.840053577778416 -0.3445785225702487 -9.040473748782697
-7.885502684041716 4.161842792826086 5.599419973899891
-1.24885544747392 4.441107239997839 -3.716864360347728
-0.7554524696901375 9.071407838548797 9.912418607442183
-1.8517845056044617 -8.29836527903141 -6.3784797380320795
-4.133725928865541 7.440952122298093 -0.0011747493766317563
-1.8392312275630047 3.594993349493471 -4.349845894039009
-4.771516192027663 8.275722710986557 5.946461369916323
6.140389752940582 2.099716309431221 -11.631068924305286
-9.742441100525705 -6.717735252532968 -11.684351923820852
9.178590330341027 -4.985621168946118 -8.611999475747018
1.556094438063182 -3.7195072931304 1.9588310022758844
0.9160229283497916 8.065120995801468 -8.449648493369455
-7.805342190213482 4.211207613659859 10.242142612446637
-9.735368986846101 6.964979787024571 -7.693736358582349
5.473543040625209 1.2879641348760522 1.1728755410752272
9.770694783483759 -1.4695815310141178 5.357637810807382
6.369611001344278 1.2775426404879155 10.285093355509085
1.5414691532936526 4.390581915071198 -11.606548510043783
-6.883503561151912 -2.5862836669402895 -7.3825290766964216
0.12213853465800462 -3.171478340214195 -4.233430110215873
-1.154911390067186 2.4248572422682724 -10.772412350293436
-0.5770105742141229 8.285815913956757 -2.623042226153248
7.654960000725911 -6.489072402456939 -2.318474097969183
-8.38497534603059 -5.1925557304727255 -4.296388545638398
-6.270819993742673 -9.386680789715253 0.9939042565592956
-2.5446401366201847 -8.768619655876895 6.261554700736646
-5.839841717759318 6.768655494044566 -11.167151914380725
4.087185669750816 -2.766160443772132 -4.936582596392662
-0.23996540878409078 -0.4066162753853835 5.792667548701453
-3.868170635378907 -5.875246598141793 -1.9308122336365052
4.273304278338433 -7.157474427773893 12.662575542478123
8.291545291163612 6.781935005735097 2.1780282222489045
-2.6937598909089218 -4.636240308880173 -5.254352366666767
-0.8071641803640457 5.259033427906568 -8.008778411686519
4.937510856083948 9.833946921350908 1.925926652714492
3.7179015422167367 3.722705560666924 -7.798699919985012
2.2555076780904155 -2.175591399261534 -7.264079526129793
-0.8576270971875317 5.125200091532925 7.783140698068339
-4.420183397474751 -5.161436342718475 -1.462271735911926
3.7942373778223413 8.279125324565918 6.408943293677593
-3.669244363450874 -3.0976919006157777 1.4650542439167258
3.1564684807396013 9.965943862482977 -11.185176245500841
8.638605905289893 0.32566130965857987 -8.484402920335695
-2.0863232721831455 -6.2293277556690345 9.889579886146677
-3.181576611110623 3.1047694246474915 7.048097356531243
-9.96451046803887 1.4321620432139 -9.571484439764186
-6.702399877274994 4.5917309406328695 -8.45244778224134
5.220015875028267 -1.2684281219943863 11.161358734979121
2.3802765499188876 2.3023479307573247 -0.32459996523435997
4.901790468962673 -0.9353318637301946 10.498505975006871
6.7396115952131055 -9.927796829053644 -4.740554574555974
3.2304521989068 5.384821276881267 7.308096517965497
2.7808812595800276 5.235922739879502 -12.139893056640764
-7.591730800040233 1.0280912620486724 -5.968798854178946
-7.781064266568167 -6.430002316161342 -7.0080532041198325
9.232393449795545 -2.454180859256092 -4.911759075739762
-2.2740123830413816 8.94810921249514 -7.857596170187998
-6.808072483030987 -5.450237259837327 -8.95242006087096
-2.410661847720208 7.779623697247889 10.167517819559865
2.180660118155334 9.100100820032516 -9.867677104001713
-2.9569045274137533 -7.304247058228381 -9.741165424429433
