-10.0 0.6941079403058805
-9.797979797979798 1.3565809171285803
-9.595959595959595 0.09381082913180555
-9.393939393939394 -0.37400056077909205
-9.191919191919192 -0.08948856677170086
-8.98989898989899 -1.3818692532005625
-8.787878787878787 0.29014636219228584
-8.585858585858587 0.0352437887257826
-8.383838383838384 -1.820516798770425
-8.181818181818182 -0.9351130597862563
-7.979797979797979 -0.8450396346804903
-7.777777777777778 -0.054198372553490914
-7.575757575757576 -1.3083892710273202
-7.373737373737374 -0.2854968712091769
-7.171717171717171 -1.5111642675873107
-6.96969696969697 -1.0214879369636733
-6.767676767676768 0.5187310150329816
-6.565656565656566 -1.0865183919238623
-6.363636363636363 -0.09278274189061901
-6.161616161616162 -0.0522099531603354
-5.959595959595959 0.026371441354527236
-5.757575757575758 -0.593259697214437
-5.555555555555555 -0.05515567805395871
-5.353535353535354 -0.22754019375664347
-5.151515151515151 -0.16828946625354235
-4.94949494949495 0.4293519069376244
-4.747474747474747 1.2440247628618426
-4.545454545454546 1.0781315905689006
-4.343434343434343 1.1093726687402157
-4.141414141414142 1.6859044604926494
-3.9393939393939394 1.073542107742949
-3.737373737373738 -0.041682405287231994
-3.5353535353535355 0.6364559473962508
-3.333333333333333 0.8908550026292555
-3.1313131313131315 -0.7398029192354487
-2.929292929292929 0.875287116997195
-2.7272727272727275 -0.9058610274773236
-2.525252525252525 -0.47596509150170174
-2.3232323232323235 0.23699963011656522
-2.121212121212121 -1.677004595039155
-1.9191919191919187 -0.44415428410171476
-1.717171717171718 -1.031313566145131
-1.5151515151515156 -0.9885272260955152
-1.3131313131313131 -0.47958105838173115
-1.1111111111111107 -0.7984205430100091
-0.9090909090909101 -1.2418134529981826
-0.7070707070707076 -0.6669199166720476
-0.5050505050505052 0.3555120504568982
-0.30303030303030276 -0.08375315955720614
-0.10101010101010033 -0.30729586474436515
0.10101010101010033 -0.3957362069912081
0.30303030303030276 1.0013464232415517
0.5050505050505052 -0.4530357751322374
0.7070707070707076 1.2473580853504966
0.9090909090909083 -0.06894186660304669
1.1111111111111107 1.4892919183232485
1.3131313131313131 2.0563640904033615
1.5151515151515156 1.1057453423160526
1.7171717171717162 0.549963895103802
1.9191919191919187 1.7729081931473867
2.121212121212121 1.6887331666888579
2.3232323232323235 1.7177766801261836
2.525252525252524 1.647290995923685
2.7272727272727266 -0.050878931952003825
2.929292929292929 1.269892151189658
3.1313131313131315 0.009104710358316222
3.333333333333334 -1.1007440974559948
3.5353535353535346 -0.39070557635177333
3.737373737373737 -1.377386107300898
3.9393939393939394 -0.5053574563360559
4.141414141414142 -0.5354348421411113
4.3434343434343425 -0.5624369431125301
4.545454545454545 -0.20044368487471187
4.747474747474747 -1.9426762966299784
4.94949494949495 -1.7023445537325017
5.1515151515151505 -0.9883955024135294
5.353535353535353 -1.0727383981601428
5.555555555555555 -1.0497834408733
5.757575757575758 0.19075449036182768
5.9595959595959584 0.012738763227022831
6.161616161616163 -0.6106819515103064
6.363636363636363 0.020942729940478896
6.565656565656564 -0.18483488601317627
6.767676767676768 1.3899083368670218
6.969696969696969 -0.27623083312083885
7.171717171717173 0.39254567919013017
7.373737373737374 -0.193765054522255
7.575757575757574 1.5219013272537238
7.777777777777779 1.7553898353891881
7.979797979797979 1.2714232589415877
8.18181818181818 1.8473251014366452
8.383838383838384 1.2059641599516426
8.585858585858585 0.6250395284034291
8.787878787878789 0.16400313761882834
8.98989898989899 -0.1060400220641467
9.19191919191919 -0.5126671318118002
9.393939393939394 0.41257257836740524
9.595959595959595 -1.173880412268771
9.7979797979798 -0.01751998689046036
10.0 0.4666806099793912
