-8.788846807533206 -7.38626335770177 -3.7768174670438595
-2.0256836964621243 -9.997622348496138 5.500003092068825
-5.269206484009244 3.944766931141821 -5.980989230772303
-8.805719680804568 7.4111453212238345 -2.971892768159342
4.927840032001443 -6.620546172998669 0.34499785693918006
-6.322666843342755 -0.23090815879400317 -8.630345490095847
-6.766168379372237 5.662445206580104 5.744902359672438
8.916045119033534 -2.9529174052113394 -0.5731571049515615
-8.969742350005808 6.135251533886439 2.83602656600767
9.567590252821663 -5.291976371683875 6.615338582625494
-4.993307763445001 -9.212367810429905 0.26533834921974275
3.5317838083474626 -7.022471564254323 2.746573446621538
-0.8025642012491723 1.958978032583472 -0.45552487162803956
-5.665520567278257 3.566146994580272 4.735764210651634
-8.671840263922672 0.13602961932118163 -6.922284074638047
-1.850135335947968 0.5569007695155577 -5.857535523504361
-1.2915281918562656 2.0707723356293766 -1.8937244835478528
2.5921662516913546 4.783314818076059 8.011034314602737
-3.6460608544057287 -1.391866123870706 7.715333731550723
-6.999758104051055 -9.791584832344153 -8.099695187862125
5.9064236804320664 9.133989250486621 -0.816321816312181
-5.836040840973656 -1.3896751360784556 -1.5764562598285723
5.78374044529289 -5.172911932553967 2.102789919233788
-9.200853169959228 9.934832680210853 -2.583425556992234
-3.32958451082646 1.4454548194832242 5.878549310163779
0.2962129411894914 -2.7239044397733414 6.4423369145015315
3.8403023888725762 7.540960884721571 -1.0568111072795654
2.014726584454369 -6.507723421101015 -7.687220264606283
6.737048366751953 8.166269947481982 -2.8995256604301445
5.773074793025684 1.7642054920934314 -2.0624493869694156
-3.15908291849569 -0.28211305779541895 1.7161493154273832
7.976843688347458 9.291529760744236 1.2743597482327729
-7.304512418232399 -2.896935636322149 8.574033259692026
-5.73113842068131 2.2439423746096825 -2.7991454862907448
5.607036617971941 2.4053217515916536 2.008459624854815
9.43087659255768 0.15993989525121322 -8.519399856812083
-7.172467876894062 9.851301731296786 -2.0286959660680943
-3.5589642853378027 2.748871719563109 -0.09168501244359384
5.840053577778416 -0.3445785225702487 8.248250173748952
-7.885502684041716 4.161842792826086 -3.7237406992610205
-1.24885544747392 4.441107239997839 -8.041296150063454
-0.7554524696901375 9.071407838548797 -4.8469351029050625
-1.8517845056044617 -8.29836527903141 -0.12986857587789813
-4.133725928865541 7.440952122298093 1.9969003595873192
-1.8392312275630047 3.594993349493471 -1.2232145872732265
-4.771516192027663 8.275722710986557 0.12702199751716536
6.140389752940582 2.099716309431221 -4.114053870446355
-9.742441100525705 -6.717735252532968 8.033021963903739
9.178590330341027 -4.985621168946118 6.562843281917702
1.556094438063182 -3.7195072931304 -5.540472807040278
0.9160229283497916 8.065120995801468 1.6051774785725366
-7.805342190213482 4.211207613659859 2.797960292588086
-9.735368986846101 6.964979787024571 -4.95317337784789
5.473543040625209 1.2879641348760522 -0.06783548292441699
9.770694783483759 -1.4695815310141178 2.226129676950063
6.369611001344278 1.2775426404879155 -1.0041981886562508
1.5414691532936526 4.390581915071198 -7.7405659710907555
-6.883503561151912 -2.5862836669402895 -5.210715565206803
0.12213853465800462 -3.171478340214195 -8.166703736916716
-1.154911390067186 2.4248572422682724 1.9066908654239128
-0.5770105742141229 8.285815913956757 6.460306802765079
7.654960000725911 -6.489072402456939 8.738435918746788
-8.38497534603059 -5.1925557304727255 0.6581760183353402
-6.270819993742673 -9.386680789715253 6.880942330158133
-2.5446401366201847 -8.768619655876895 9.145101344046937
-5.839841717759318 6.768655494044566 -3.3970279145797155
4.087185669750816 -2.766160443772132 -7.7228184424197455
-0.23996540878409078 -0.4066162753853835 -5.984723575883701
-3.868170635378907 -5.875246598141793 -4.323541112459229
4.273304278338433 -7.157474427773893 5.7052450008446245
8.291545291163612 6.781935005735097 -3.5381973822514037
-2.6937598909089218 -4.636240308880173 -9.081425727451753
-0.8071641803640457 5.259033427906568 -2.9032325039922764
4.937510856083948 9.833946921350908 8.942831885972216
3.7179015422167367 3.722705560666924 0.17516543701951404
2.2555076780904155 -2.175591399261534 -7.730940555100697
-0.8576270971875317 5.125200091532925 -1.0887806525123445
-4.420183397474751 -5.161436342718475 -2.2939462165768085
3.7942373778223413 8.279125324565918 -3.3142980282922747
-3.669244363450874 -3.0976919006157777 7.360208555093901
3.1564684807396013 9.965943862482977 0.7928926615319857
8.638605905289893 0.32566130965857987 5.935948025960939
-2.0863232721831455 -6.2293277556690345 -5.857387133664963
-3.181576611110623 3.1047694246474915 0.20528615762679742
-9.96451046803887 1.4321620432139 -0.10540956933135415
-6.702399877274994 4.5917309406328695 6.660664298479856
5.220015875028267 -1.2684281219943863 -3.1142883276681568
2.3802765499188876 2.3023479307573247 3.860098901797209
4.901790468962673 -0.9353318637301946 4.851415996938945
6.7396115952131055 -9.927796829053644 4.862709234749015
3.2304521989068 5.384821276881267 -5.24409492335529
2.7808812595800276 5.235922739879502 -4.583779282036366
-7.591730800040233 1.0280912620486724 4.856839533272003
-7.781064266568167 -6.430002316161342 4.756618349278696
9.232393449795545 -2.454180859256092 4.459251537965995
-2.2740123830413816 8.94810921249514 -2.5918073501226435
-6.808072483030987 -5.450237259837327 2.5112299412739314
-2.410661847720208 7.779623697247889 -3.423737941131419
2.180660118155334 9.100100820032516 -8.598528712314936
-2.9569045274137533 -7.304247058228381 3.214151153878332
