-10.0 0.750497907052198
-9.797979797979798 1.1906338678306279
-9.595959595959595 -0.03314249013138687
-9.393939393939394 -0.594622436672072
-9.191919191919192 -0.2707861228288237
-8.98989898989899 -1.5467676343479944
-8.787878787878787 -1.039668938318596
-8.585858585858587 0.37201201015418084
-8.383838383838384 -0.7488344084303147
-8.181818181818182 0.3821203551302046
-7.979797979797979 -0.22589498766856542
-7.777777777777778 0.3502114906224161
-7.575757575757576 -1.0613768874779885
-7.373737373737374 0.2452232072813615
-7.171717171717171 -1.7891489030206962
-6.96969696969697 -0.5571134123907503
-6.767676767676768 0.483561388637683
-6.565656565656566 -0.46825355781127226
-6.363636363636363 1.026713741350626
-6.161616161616162 1.1445771362642054
-5.959595959595959 -0.700085595401726
-5.757575757575758 -0.04672114608806466
-5.555555555555555 0.09300504475997173
-5.353535353535354 0.9709767062161745
-5.151515151515151 -0.03644444121206525
-4.94949494949495 1.2308180955527148
-4.747474747474747 1.338555746181568
-4.545454545454546 1.5553285227013944
-4.343434343434343 1.8496106202550855
-4.141414141414142 -0.38324538933290153
-3.9393939393939394 -0.3567709363572227
-3.737373737373738 -0.5115582689139442
-3.5353535353535355 1.4991214531619004
-3.333333333333333 0.7008251822131001
-3.1313131313131315 1.2925873827759082
-2.929292929292929 -1.4430853835334347
-2.7272727272727275 -1.3926423299616086
-2.525252525252525 -1.6450336512204053
-2.3232323232323235 -1.910005111104033
-2.121212121212121 -1.618426867590118
-1.9191919191919187 -0.41464889043596886
-1.717171717171718 -1.2011954266998062
-1.5151515151515156 -1.4574143035533818
-1.3131313131313131 -2.335053833293953
-1.1111111111111107 -2.248481376832517
-0.9090909090909101 0.49439517409097644
-0.7070707070707076 0.17060217184838367
-0.5050505050505052 -1.1008609876949764
-0.30303030303030276 -1.454987094076639
-0.10101010101010033 0.5165734749951524
0.10101010101010033 0.3846215378054481
0.30303030303030276 -0.49373309836944496
0.5050505050505052 0.47228891666051337
0.7070707070707076 1.3459504685379429
0.9090909090909083 1.637439152168831
1.1111111111111107 0.44752296409285364
1.3131313131313131 1.0047594261338157
1.5151515151515156 2.0651903197172996
1.7171717171717162 0.45403529545260435
1.9191919191919187 0.8859293969288651
2.121212121212121 1.5158496595401014
2.3232323232323235 1.033269206196894
2.525252525252524 -0.14692259336527125
2.7272727272727266 -0.657069365724569
2.929292929292929 -1.0344177428536798
3.1313131313131315 1.0768914456802243
3.333333333333334 -0.6021785890679608
3.5353535353535346 -1.7746974301635197
3.737373737373737 -1.7257981412654055
3.9393939393939394 -0.5609174275545707
4.141414141414142 0.20848842522117983
4.3434343434343425 0.30992244486286646
4.545454545454545 -0.4594656977435979
4.747474747474747 0.34200634115962314
4.94949494949495 -1.1041164339430662
5.1515151515151505 -0.4825860142023486
5.353535353535353 -0.4255814170349982
5.555555555555555 -1.914829891756359
5.757575757575758 0.867491326854726
5.9595959595959584 -0.9429706927068252
6.161616161616163 0.41375607162685135
6.363636363636363 0.8107857134909283
6.565656565656564 -1.010741057545974
6.767676767676768 0.5568163790171281
6.969696969696969 0.5960207071718003
7.171717171717173 0.6262696968747778
7.373737373737374 -0.51208466080774
7.575757575757574 2.0248063853843505
7.777777777777779 1.7557769212504124
7.979797979797979 0.5712911772862425
8.18181818181818 0.615605569969041
8.383838383838384 -0.4846621938415805
8.585858585858585 0.9928298472094704
8.787878787878789 1.120731003065868
8.98989898989899 -0.39947772522814134
9.19191919191919 -0.9602655591955577
9.393939393939394 0.2907429763486755
9.595959595959595 0.9795170999155334
9.7979797979798 0.9869142578781773
10.0 -1.0622531201109116
