-8.788846807533206 -7.38626335770177 -1.231359073439932
-2.0256836964621243 -9.997622348496138 1.70969763628992
-5.269206484009244 3.944766931141821 0.3749959802113817
-8.805719680804568 7.4111453212238345 -0.8592400192905718
4.927840032001443 -6.620546172998669 1.8348766459052623
-6.322666843342755 -0.23090815879400317 -2.5710876629354873
-6.766168379372237 5.662445206580104 -1.858951230721389
8.916045119033534 -2.9529174052113394 -1.5645462468961484
-8.969742350005808 6.135251533886439 0.0464417183793365
9.567590252821663 -5.291976371683875 -0.15041769616703426
-4.993307763445001 -9.212367810429905 -2.6459613842620318
3.5317838083474626 -7.022471564254323 1.648886506653077
-0.8025642012491723 1.958978032583472 -2.543362579282098
-5.665520567278257 3.566146994580272 0.5699841709579683
-8.671840263922672 0.13602961932118163 -1.6513800445452589
-1.850135335947968 0.5569007695155577 -0.9753730972963817
-1.2915281918562656 2.0707723356293766 -2.7494330846456734
2.5921662516913546 4.783314818076059 -2.3489133859672098
-3.6460608544057287 -1.391866123870706 -3.4485841955969105
-6.999758104051055 -9.791584832344153 -0.21770204540064855
5.9064236804320664 9.133989250486621 2.0319561165432947
-5.836040840973656 -1.3896751360784556 2.469163983893838
5.78374044529289 -5.172911932553967 1.104466527177498
-9.200853169959228 9.934832680210853 -2.436681796832176
-3.32958451082646 1.4454548194832242 2.261687156105847
0.2962129411894914 -2.7239044397733414 -0.25666740628150164
3.8403023888725762 7.540960884721571 1.8506440405691529
2.014726584454369 -6.507723421101015 -2.8721462558712285
6.737048366751953 8.166269947481982 2.6937761906872826
5.773074793025684 1.7642054920934314 2.4440842190538494
-3.15908291849569 -0.28211305779541895 -2.509717649929312
7.976843688347458 9.291529760744236 -0.806602908229477
-7.304512418232399 -2.896935636322149 0.005011017368062642
-5.73113842068131 2.2439423746096825 1.8506682607226526
5.607036617971941 2.4053217515916536 -0.05895746793013207
9.43087659255768 0.15993989525121322 -0.0997450713967022
-7.172467876894062 9.851301731296786 2.511514121506748
-3.5589642853378027 2.748871719563109 1.6173100966750584
5.840053577778416 -0.3445785225702487 0.016619930720579573
-7.885502684041716 4.161842792826086 -1.9693710997225495
-1.24885544747392 4.441107239997839 -0.8780282662522618
-0.7554524696901375 9.071407838548797 -0.29352756609835057
-1.8517845056044617 -8.29836527903141 -1.5512682685725918
-4.133725928865541 7.440952122298093 -0.9351068820842915
-1.8392312275630047 3.594993349493471 -1.805239230347858
-4.771516192027663 8.275722710986557 0.21354916115914868
6.140389752940582 2.099716309431221 -0.42745998014523506
-9.742441100525705 -6.717735252532968 -1.7723073092142738
9.178590330341027 -4.985621168946118 -1.8636995652227737
1.556094438063182 -3.7195072931304 -1.7401552878949715
0.9160229283497916 8.065120995801468 -2.049569716986606
-7.805342190213482 4.211207613659859 0.073008792307106
-9.735368986846101 6.964979787024571 0.2722276839925534
5.473543040625209 1.2879641348760522 1.3446325418407046
9.770694783483759 -1.4695815310141178 0.20273092461028297
6.369611001344278 1.2775426404879155 2.2723853259597755
1.5414691532936526 4.390581915071198 -1.108326181732319
-6.883503561151912 -2.5862836669402895 0.5548418641058079
0.12213853465800462 -3.171478340214195 -1.6911282593911119
-1.154911390067186 2.4248572422682724 -2.287976052649392
-0.5770105742141229 8.285815913956757 1.1772016939971226
7.654960000725911 -6.489072402456939 0.6491598873501733
-8.38497534603059 -5.1925557304727255 0.7607705588154936
-6.270819993742673 -9.386680789715253 -0.8660378282226519
-2.5446401366201847 -8.768619655876895 -0.8047986575287676
-5.839841717759318 6.768655494044566 -1.7941931160909421
4.087185669750816 -2.766160443772132 2.510820937469094
-0.23996540878409078 -0.4066162753853835 -0.8374458501379549
-3.868170635378907 -5.875246598141793 2.164001836212457
4.273304278338433 -7.157474427773893 -0.7370086390085767
8.291545291163612 6.781935005735097 -1.559037184998289
-2.6937598909089218 -4.636240308880173 2.4242826699303937
-0.8071641803640457 5.259033427906568 1.949113370906082
4.937510856083948 9.833946921350908 -0.7350806919665374
3.7179015422167367 3.722705560666924 1.6845290505626371
2.2555076780904155 -2.175591399261534 -2.3408980908009287
-0.8576270971875317 5.125200091532925 -1.7805158493488897
-4.420183397474751 -5.161436342718475 -0.26771691490239014
3.7942373778223413 8.279125324565918 -3.349385189879465
-3.669244363450874 -3.0976919006157777 -1.199591856314842
3.1564684807396013 9.965943862482977 -2.5466541254334407
8.638605905289893 0.32566130965857987 2.1967611618181495
-2.0863232721831455 -6.2293277556690345 0.8289462441532108
-3.181576611110623 3.1047694246474915 1.4173130792660515
-9.96451046803887 1.4321620432139 3.477715185972942
-6.702399877274994 4.5917309406328695 -1.5382151472884786
5.220015875028267 -1.2684281219943863 1.7364284775801369
2.3802765499188876 2.3023479307573247 0.4434908901079285
4.901790468962673 -0.9353318637301946 0.4987102225583202
6.7396115952131055 -9.927796829053644 -0.7623478042748821
3.2304521989068 5.384821276881267 2.22580946066841
2.7808812595800276 5.235922739879502 -2.9031513977085233
-7.591730800040233 1.0280912620486724 -0.9244078101372266
-7.781064266568167 -6.430002316161342 -1.1824792647063906
9.232393449795545 -2.454180859256092 -1.2253669519594457
-2.2740123830413816 8.94810921249514 -1.829441915076506
-6.808072483030987 -5.450237259837327 -2.195076122886537
-2.410661847720208 7.779623697247889 -2.8150320444050987
2.180660118155334 9.100100820032516 -1.696424833214621
-2.9569045274137533 -7.304247058228381 -1.847365374342511
