-10.0 0.4437594990346845
-9.797979797979798 0.6016595217901581
-9.595959595959595 0.47734704458205374
-9.393939393939394 -0.11185903605502612
-9.191919191919192 -0.713818616038917
-8.98989898989899 0.17353292377218116
-8.787878787878787 -0.1739966706228887
-8.585858585858587 -0.6544678087010978
-8.383838383838384 -1.4129901638134064
-8.181818181818182 -1.2357609602401631
-7.979797979797979 -0.35488136718142105
-7.777777777777778 -1.5556350699805772
-7.575757575757576 -0.7944313536950574
-7.373737373737374 -0.7113592271784237
-7.171717171717171 -0.5185613596233696
-6.96969696969697 -0.221267532351756
-6.767676767676768 0.11443708098624933
-6.565656565656566 -0.8347077347545651
-6.363636363636363 0.49566602334480675
-6.161616161616162 0.6118623286844733
-5.959595959595959 0.9677408481871306
-5.757575757575758 0.6523441697437506
-5.555555555555555 1.2588996145037705
-5.353535353535354 0.4941822809941731
-5.151515151515151 1.1681548783088735
-4.94949494949495 0.20640927518454721
-4.747474747474747 0.9069904986288342
-4.545454545454546 1.0694296139288277
-4.343434343434343 1.2974297394870236
-4.141414141414142 1.0122868961578222
-3.9393939393939394 1.4318618559789746
-3.737373737373738 0.014853767236757576
-3.5353535353535355 1.1275092863859022
-3.333333333333333 -0.4324509252852582
-3.1313131313131315 -0.30225147368503463
-2.929292929292929 0.5533669429133488
-2.7272727272727275 0.20498675651973286
-2.525252525252525 -1.044169006572642
-2.3232323232323235 -1.358752492553383
-2.121212121212121 -0.5860791567129425
-1.9191919191919187 -0.9282437875118589
-1.717171717171718 -0.4249792121402516
-1.5151515151515156 -0.7671617744366995
-1.3131313131313131 -0.5160227850273372
-1.1111111111111107 -1.0809563659635186
-0.9090909090909101 -0.01812725356200673
-0.7070707070707076 -1.174747225876878
-0.5050505050505052 -0.3837157457076337
-0.30303030303030276 -0.6593275784302421
-0.10101010101010033 0.4394024567140293
0.10101010101010033 -0.19927684450401495
0.30303030303030276 0.04091094985544225
0.5050505050505052 0.9604798550137617
0.7070707070707076 -0.005291579416647041
0.9090909090909083 0.21622176039479812
1.1111111111111107 1.615996287546689
1.3131313131313131 1.3535986709714019
1.5151515151515156 0.2947859349570183
1.7171717171717162 1.0635962417382145
1.9191919191919187 1.4398001179529631
2.121212121212121 0.14182542363144302
2.3232323232323235 0.377896701781459
2.525252525252524 0.8095069482120048
2.7272727272727266 -0.16864564494177642
2.929292929292929 0.45565716837616943
3.1313131313131315 -0.5373003661982172
3.333333333333334 -0.11441225082618223
3.5353535353535346 -1.157856283682189
3.737373737373737 -1.3208605474818476
3.9393939393939394 0.032014588526834586
4.141414141414142 -0.8340706333635207
4.3434343434343425 -1.3136282075059613
4.545454545454545 -1.1401819420627755
4.747474747474747 -0.22428463694958578
4.94949494949495 -1.5658334892716912
5.1515151515151505 -0.696421317497081
5.353535353535353 -1.398767531305275
5.555555555555555 -0.4421365922798395
5.757575757575758 -0.270809211017075
5.9595959595959584 -0.6305837960112401
6.161616161616163 -0.762629186950816
6.363636363636363 -0.11150478843615459
6.565656565656564 0.09850349349929383
6.767676767676768 0.6326140746174211
6.969696969696969 0.9239016690417109
7.171717171717173 0.7982507955291899
7.373737373737374 0.3589369088040405
7.575757575757574 0.8812779718839302
7.777777777777779 0.29443052566373284
7.979797979797979 1.5044345722986163
8.18181818181818 0.8648248239710999
8.383838383838384 1.3869715063558654
8.585858585858585 0.6738208802371178
8.787878787878789 -0.19123250772540523
8.98989898989899 0.48307529259397103
9.19191919191919 0.7448388057037129
9.393939393939394 0.6701220623288744
9.595959595959595 -0.6784146504411164
9.7979797979798 0.4165331977620818
10.0 -0.06284859856309088
