-10.0 0.2829974895048346
-9.797979797979798 0.32998612894531837
-9.595959595959595 0.21019868075247372
-9.393939393939394 0.2604233890502825
-9.191919191919192 -0.241877406492352
-8.98989898989899 -0.7122515339380331
-8.787878787878787 -0.6397119762633229
-8.585858585858587 -0.4931004429547463
-8.383838383838384 -0.7273515283262391
-8.181818181818182 -1.0498989730223838
-7.979797979797979 -1.037863421080262
-7.777777777777778 -1.1983381475865684
-7.575757575757576 -0.8941978640349164
-7.373737373737374 -0.9803287709904922
-7.171717171717171 -0.5642536380996006
-6.96969696969697 -0.5089183987938677
-6.767676767676768 -0.2686772968656535
-6.565656565656566 -0.4981759486856818
-6.363636363636363 -0.1579772654764956
-6.161616161616162 -0.041802928486174354
-5.959595959595959 0.43991054777596206
-5.757575757575758 0.4855625502742345
-5.555555555555555 0.825960031415405
-5.353535353535354 0.6568930239768385
-5.151515151515151 1.1897030351848987
-4.94949494949495 0.9742025961941476
-4.747474747474747 0.941424532541396
-4.545454545454546 1.0205826468225312
-4.343434343434343 0.9194777591035215
-4.141414141414142 0.9659620875625279
-3.9393939393939394 0.8078916502082722
-3.737373737373738 0.2651841724488701
-3.5353535353535355 0.5566559678344014
-3.333333333333333 0.47395505143699235
-3.1313131313131315 -0.11173439169464161
-2.929292929292929 -0.03040256228065094
-2.7272727272727275 -0.42164688710269005
-2.525252525252525 -0.39432981060007366
-2.3232323232323235 -0.7176255967732426
-2.121212121212121 -0.6228083739368444
-1.9191919191919187 -0.8379687003277667
-1.717171717171718 -1.1257669843472269
-1.5151515151515156 -0.7138770429916333
-1.3131313131313131 -1.1289265961959196
-1.1111111111111107 -1.0773577979893896
-0.9090909090909101 -0.6158461638883688
-0.7070707070707076 -0.5219924301960202
-0.5050505050505052 -0.7001238638364369
-0.30303030303030276 -0.47405513742617833
-0.10101010101010033 -0.39737895823794145
0.10101010101010033 0.01825197892487694
0.30303030303030276 0.03367522087276603
0.5050505050505052 0.41846427276640763
0.7070707070707076 0.7641668523569878
0.9090909090909083 1.0143684567769795
1.1111111111111107 1.0314826318891837
1.3131313131313131 0.9889092145133809
1.5151515151515156 1.10170225239795
1.7171717171717162 1.1884774365661332
1.9191919191919187 0.7146772581903649
2.121212121212121 1.025103552666658
2.3232323232323235 0.8135881750138143
2.525252525252524 0.5644715406868313
2.7272727272727266 0.18443972016597335
2.929292929292929 -0.009358659714091583
3.1313131313131315 -0.26602603024068905
3.333333333333334 -0.4554162966935741
3.5353535353535346 -0.3732046620174808
3.737373737373737 -0.673461539089576
3.9393939393939394 -0.4269980557735421
4.141414141414142 -0.758486055151024
4.3434343434343425 -0.8071465432822689
4.545454545454545 -1.1002403045505629
4.747474747474747 -0.9600408704181176
4.94949494949495 -1.1557966058808364
5.1515151515151505 -1.0553025769751045
5.353535353535353 -1.0637733631972697
5.555555555555555 -0.5245627483446558
5.757575757575758 -0.29748457477722423
5.9595959595959584 -0.5248128052569229
6.161616161616163 -0.07576261369255337
6.363636363636363 0.3663202894248629
6.565656565656564 0.16201529523129482
6.767676767676768 0.702363417694235
6.969696969696969 0.391897287885286
7.171717171717173 0.6864260575648335
7.373737373737374 1.0402281591020035
7.575757575757574 0.984106914822171
7.777777777777779 0.8581418305109054
7.979797979797979 1.034918116924025
8.18181818181818 0.8416149642360952
8.383838383838384 1.0838179998878492
8.585858585858585 0.7528331696011763
8.787878787878789 0.7257524628450995
8.98989898989899 0.30059274254767077
9.19191919191919 0.5035942700589747
9.393939393939394 0.06608050745149346
9.595959595959595 -0.3084222021380981
9.7979797979798 -0.5261827303330594
10.0 -0.6759769825268426
