-8.788846807533206 -7.38626335770177 0.9666145684373274
-2.0256836964621243 -9.997622348496138 0.4987183754743638
-5.269206484009244 3.944766931141821 -0.29350824550968824
-8.805719680804568 7.4111453212238345 0.17165660119515136
4.927840032001443 -6.620546172998669 0.3916550922662686
-6.322666843342755 -0.23090815879400317 -0.40384071232482494
-6.766168379372237 5.662445206580104 0.6734246982365224
8.916045119033534 -2.9529174052113394 0.4226377565392687
-8.969742350005808 6.135251533886439 -0.8247670745217496
9.567590252821663 -5.291976371683875 -0.8856708089287848
-4.993307763445001 -9.212367810429905 0.2887121159599463
3.5317838083474626 -7.022471564254323 0.8240602121560716
-0.8025642012491723 1.958978032583472 -0.2107497865927518
-5.665520567278257 3.566146994580272 -0.6620399423398904
-8.671840263922672 0.13602961932118163 -0.15939560525025936
-1.850135335947968 0.5569007695155577 0.4796452783321651
-1.2915281918562656 2.0707723356293766 -0.45833324459695046
2.5921662516913546 4.783314818076059 -1.3234171939931674
-3.6460608544057287 -1.391866123870706 -0.39688685963815074
-6.999758104051055 -9.791584832344153 -1.1084592094047967
5.9064236804320664 9.133989250486621 -0.047404637320498905
-5.836040840973656 -1.3896751360784556 -0.6722314971448211
5.78374044529289 -5.172911932553967 -1.3603251814364117
-9.200853169959228 9.934832680210853 1.1009634770186794
-3.32958451082646 1.4454548194832242 1.132073282137912
0.2962129411894914 -2.7239044397733414 -0.01325807956913258
3.8403023888725762 7.540960884721571 -0.3697842518738652
2.014726584454369 -6.507723421101015 0.22933579310609106
6.737048366751953 8.166269947481982 0.988731468380079
5.773074793025684 1.7642054920934314 -0.2767183594464205
-3.15908291849569 -0.28211305779541895 0.7720285594094813
7.976843688347458 9.291529760744236 0.20070944707462973
-7.304512418232399 -2.896935636322149 0.5809330276879744
-5.73113842068131 2.2439423746096825 0.34551536077666856
5.607036617971941 2.4053217515916536 0.2396871998902496
9.43087659255768 0.15993989525121322 -0.2887688319757301
-7.172467876894062 9.851301731296786 -0.19700853737675622
-3.5589642853378027 2.748871719563109 -0.7300382251057203
5.840053577778416 -0.3445785225702487 0.8070393946397321
-7.885502684041716 4.161842792826086 0.9463923088183401
-1.24885544747392 4.441107239997839 0.07048248434431814
-0.7554524696901375 9.071407838548797 -0.03418739190761938
-1.8517845056044617 -8.29836527903141 -0.03303283032349413
-4.133725928865541 7.440952122298093 0.4067802791920514
-1.8392312275630047 3.594993349493471 0.5797692498326938
-4.771516192027663 8.275722710986557 1.2295800299623818
6.140389752940582 2.099716309431221 -0.3580655770233592
-9.742441100525705 -6.717735252532968 0.7973932874715861
9.178590330341027 -4.985621168946118 -0.27499056858065485
1.556094438063182 -3.7195072931304 -0.004774057653429975
0.9160229283497916 8.065120995801468 0.12131659578678422
-7.805342190213482 4.211207613659859 1.340472548614743
-9.735368986846101 6.964979787024571 0.4580125402214353
5.473543040625209 1.2879641348760522 -0.06078951886453787
9.770694783483759 -1.4695815310141178 1.1480679254906498
6.369611001344278 1.2775426404879155 -0.7775114553587755
1.5414691532936526 4.390581915071198 -0.7426416441214421
-6.883503561151912 -2.5862836669402895 -0.08083728169854282
0.12213853465800462 -3.171478340214195 -0.06254572313704308
-1.154911390067186 2.4248572422682724 -1.3070130496788601
-0.5770105742141229 8.285815913956757 -0.05872273668308675
7.654960000725911 -6.489072402456939 -0.8404754296380511
-8.38497534603059 -5.1925557304727255 -0.35144752788380995
-6.270819993742673 -9.386680789715253 0.4150347590428853
-2.5446401366201847 -8.768619655876895 1.2400090669347912
-5.839841717759318 6.768655494044566 -0.7328677356562022
4.087185669750816 -2.766160443772132 0.48438016486818974
-0.23996540878409078 -0.4066162753853835 0.8252452731983991
-3.868170635378907 -5.875246598141793 -0.24024684848273548
4.273304278338433 -7.157474427773893 0.5440628734724399
8.291545291163612 6.781935005735097 -0.4945672938451838
-2.6937598909089218 -4.636240308880173 -1.3341365661898168
-0.8071641803640457 5.259033427906568 -0.37056317230483204
4.937510856083948 9.833946921350908 0.9907198651794611
3.7179015422167367 3.722705560666924 -0.3791619420188005
2.2555076780904155 -2.175591399261534 -1.0794377328217477
-0.8576270971875317 5.125200091532925 0.975875761271785
-4.420183397474751 -5.161436342718475 1.5866117428308728
3.7942373778223413 8.279125324565918 0.10646086003375255
-3.669244363450874 -3.0976919006157777 0.20688266029744395
3.1564684807396013 9.965943862482977 -0.8935835859708797
8.638605905289893 0.32566130965857987 1.0954046082753048
-2.0863232721831455 -6.2293277556690345 -0.7356384982092281
-3.181576611110623 3.1047694246474915 -0.6727022125427684
-9.96451046803887 1.4321620432139 0.2197989200468795
-6.702399877274994 4.5917309406328695 0.6154573178745113
5.220015875028267 -1.2684281219943863 0.35560375405850053
2.3802765499188876 2.3023479307573247 1.3763004283357443
4.901790468962673 -0.9353318637301946 0.5913177501685909
6.7396115952131055 -9.927796829053644 1.1379414908259653
3.2304521989068 5.384821276881267 -0.11017052701541084
2.7808812595800276 5.235922739879502 -1.0146525286245462
-7.591730800040233 1.0280912620486724 -0.3976520411815395
-7.781064266568167 -6.430002316161342 1.0335543278985917
9.232393449795545 -2.454180859256092 0.7357291314066513
-2.2740123830413816 8.94810921249514 0.38715048463193963
-6.808072483030987 -5.450237259837327 0.3859842604922936
-2.410661847720208 7.779623697247889 -1.4900804541950468
2.180660118155334 9.100100820032516 0.9071415085447536
-2.9569045274137533 -7.304247058228381 0.24540035295579726
