-8.788846807533206 -7.38626335770177 1.9056278363837515
-2.0256836964621243 -9.997622348496138 3.0050345169357926
-5.269206484009244 3.944766931141821 1.3816504465314323
-8.805719680804568 7.4111453212238345 0.09285811801053279
4.927840032001443 -6.620546172998669 -0.13232728393876614
-6.322666843342755 -0.23090815879400317 3.5570937726363003
-6.766168379372237 5.662445206580104 4.1611123540133
8.916045119033534 -2.9529174052113394 0.20845506526459565
-8.969742350005808 6.135251533886439 -3.6193008942916682
9.567590252821663 -5.291976371683875 0.6356393563778262
-4.993307763445001 -9.212367810429905 -3.2731874383975166
3.5317838083474626 -7.022471564254323 -0.5720550146738458
-0.8025642012491723 1.958978032583472 1.4962343734422157
-5.665520567278257 3.566146994580272 -2.137411251912368
-8.671840263922672 0.13602961932118163 2.103863714152961
-1.850135335947968 0.5569007695155577 2.5486434641014784
-1.2915281918562656 2.0707723356293766 1.368455632739609
2.5921662516913546 4.783314818076059 -1.2922791948584946
-3.6460608544057287 -1.391866123870706 -2.8121625682808893
-6.999758104051055 -9.791584832344153 1.3019140468700243
5.9064236804320664 9.133989250486621 0.4990398129988345
-5.836040840973656 -1.3896751360784556 -0.9547603785856693
5.78374044529289 -5.172911932553967 -3.1894913014016595
-9.200853169959228 9.934832680210853 0.8119315403594769
-3.32958451082646 1.4454548194832242 0.1631862674346635
0.2962129411894914 -2.7239044397733414 1.6562289923850475
3.8403023888725762 7.540960884721571 0.014769687023135858
2.014726584454369 -6.507723421101015 -3.589093044557237
6.737048366751953 8.166269947481982 0.0028812728417071942
5.773074793025684 1.7642054920934314 -1.7195682854204302
-3.15908291849569 -0.28211305779541895 3.4926914032072784
7.976843688347458 9.291529760744236 3.7931853624617085
-7.304512418232399 -2.896935636322149 3.615702888123478
-5.73113842068131 2.2439423746096825 1.6360916869979447
5.607036617971941 2.4053217515916536 -0.6758816257811608
9.43087659255768 0.15993989525121322 2.4694505496090904
-7.172467876894062 9.851301731296786 -3.5984630877897303
-3.5589642853378027 2.748871719563109 -3.003842289259561
5.840053577778416 -0.3445785225702487 3.8941810225461095
-7.885502684041716 4.161842792826086 0.27277150383156845
-1.24885544747392 4.441107239997839 0.5072762705095808
-0.7554524696901375 9.071407838548797 -3.672458978276136
-1.8517845056044617 -8.29836527903141 2.143409849962133
-4.133725928865541 7.440952122298093 1.7667354371100061
-1.8392312275630047 3.594993349493471 0.9310618710852417
-4.771516192027663 8.275722710986557 2.741393883068386
6.140389752940582 2.099716309431221 2.6709681281662174
-9.742441100525705 -6.717735252532968 -1.0777311314809244
9.178590330341027 -4.985621168946118 -2.755433862952689
1.556094438063182 -3.7195072931304 2.3545880970306734
0.9160229283497916 8.065120995801468 -2.7746318905261877
-7.805342190213482 4.211207613659859 1.3512070940722842
-9.735368986846101 6.964979787024571 0.21256433485017084
5.473543040625209 1.2879641348760522 -1.379066615270573
9.770694783483759 -1.4695815310141178 2.5147517693912746
6.369611001344278 1.2775426404879155 -1.7361050660104898
1.5414691532936526 4.390581915071198 2.3086328095915394
-6.883503561151912 -2.5862836669402895 -1.2125251322259545
0.12213853465800462 -3.171478340214195 -2.585893476319976
-1.154911390067186 2.4248572422682724 1.6527111366837959
-0.5770105742141229 8.285815913956757 -3.651237459254616
7.654960000725911 -6.489072402456939 -0.8087087308957651
-8.38497534603059 -5.1925557304727255 -2.1116158703908834
-6.270819993742673 -9.386680789715253 -2.806222516063208
-2.5446401366201847 -8.768619655876895 0.9104734812032009
-5.839841717759318 6.768655494044566 3.661080716789517
4.087185669750816 -2.766160443772132 -1.8676594055901128
-0.23996540878409078 -0.4066162753853835 3.2297669940693723
-3.868170635378907 -5.875246598141793 -3.6346177410812666
4.273304278338433 -7.157474427773893 -1.0277274540844297
8.291545291163612 6.781935005735097 3.769959412827066
-2.6937598909089218 -4.636240308880173 -1.8476722553186125
-0.8071641803640457 5.259033427906568 -1.2523780471942492
4.937510856083948 9.833946921350908 1.4596127890106814
3.7179015422167367 3.722705560666924 2.8239888225861245
2.2555076780904155 -2.175591399261534 -1.449517129040546
-0.8576270971875317 5.125200091532925 -0.06019483362352973
-4.420183397474751 -5.161436342718475 2.3652280798076015
3.7942373778223413 8.279125324565918 2.310052163717872
-3.669244363450874 -3.0976919006157777 1.2110964454301971
3.1564684807396013 9.965943862482977 -3.5162764865937417
8.638605905289893 0.32566130965857987 -2.3905482883356366
-2.0863232721831455 -6.2293277556690345 -1.6071414253126826
-3.181576611110623 3.1047694246474915 0.578824421071352
-9.96451046803887 1.4321620432139 0.5764755325113773
-6.702399877274994 4.5917309406328695 1.9468497197105217
5.220015875028267 -1.2684281219943863 -1.1500227509577337
2.3802765499188876 2.3023479307573247 -0.9769740305838245
4.901790468962673 -0.9353318637301946 -1.0492406490437136
6.7396115952131055 -9.927796829053644 1.6766042314927614
3.2304521989068 5.384821276881267 -2.056376065929467
2.7808812595800276 5.235922739879502 -3.61796135128455
-7.591730800040233 1.0280912620486724 -4.472598908515597
-7.781064266568167 -6.430002316161342 -2.618570856199614
9.232393449795545 -2.454180859256092 -3.295675079742326
-2.2740123830413816 8.94810921249514 -1.1691728011433846
-6.808072483030987 -5.450237259837327 -0.32861337206937147
-2.410661847720208 7.779623697247889 -3.3280094658429054
2.180660118155334 9.100100820032516 1.46778268571199
-2.9569045274137533 -7.304247058228381 -3.049532741085665
