-10.0 0.9614162077220945
-9.797979797979798 0.31326690856484374
-9.595959595959595 0.44673352336910566
-9.393939393939394 0.2038817028354552
-9.191919191919192 -0.4978163021490302
-8.98989898989899 -0.2770450808834368
-8.787878787878787 -0.506465507545035
-8.585858585858587 -0.4261153583872806
-8.383838383838384 -0.7969211402066148
-8.181818181818182 -1.2626422175543937
-7.979797979797979 -1.2920618020259977
-7.777777777777778 -0.5044611161809915
-7.575757575757576 -1.1330078906968908
-7.373737373737374 -0.6991865554187526
-7.171717171717171 -0.8464483553231665
-6.96969696969697 -0.5800430998516766
-6.767676767676768 -0.6920626055123438
-6.565656565656566 -0.05278043833349011
-6.363636363636363 0.026671493414196626
-6.161616161616162 0.2338155500618489
-5.959595959595959 0.567187978235792
-5.757575757575758 0.7578475538052718
-5.555555555555555 0.6018037682238571
-5.353535353535354 0.34212458301162957
-5.151515151515151 0.705555602440593
-4.94949494949495 1.4610903686703753
-4.747474747474747 1.2145950822143672
-4.545454545454546 1.1397728579383832
-4.343434343434343 1.1873089117755717
-4.141414141414142 1.0086780490217835
-3.9393939393939394 0.573505528235976
-3.737373737373738 0.8728994892378985
-3.5353535353535355 0.2932040832710196
-3.333333333333333 -0.0009310250885365967
-3.1313131313131315 -0.25428078836666834
-2.929292929292929 0.19609352283346318
-2.7272727272727275 -0.0002309932056480668
-2.525252525252525 -0.8436637716261206
-2.3232323232323235 -0.3100085550889185
-2.121212121212121 -0.6134563903242909
-1.9191919191919187 -0.49455075277009125
-1.717171717171718 -0.5199380821743602
-1.5151515151515156 -0.8932393253322191
-1.3131313131313131 -0.9156111234369293
-1.1111111111111107 -1.019942556552532
-0.9090909090909101 -1.1359666220351514
-0.7070707070707076 -0.6144893076964426
-0.5050505050505052 -0.03522887651381301
-0.30303030303030276 0.00016804711462781174
-0.10101010101010033 -0.31852336508859636
0.10101010101010033 -0.08396375638034236
0.30303030303030276 0.3153168145654741
0.5050505050505052 0.11191714960141014
0.7070707070707076 0.9335162891717872
0.9090909090909083 0.7828312918986411
1.1111111111111107 0.44777595396352265
1.3131313131313131 1.2079405485789072
1.5151515151515156 0.6099808059204118
1.7171717171717162 0.882169261756057
1.9191919191919187 1.0393832410843569
2.121212121212121 1.0294263850670191
2.3232323232323235 1.2234325169090592
2.525252525252524 0.4960821182241876
2.7272727272727266 0.8878857705046853
2.929292929292929 -0.2725988577971271
3.1313131313131315 -0.1850351138145399
3.333333333333334 0.059938481003589617
3.5353535353535346 -0.8221049356428882
3.737373737373737 -0.5921074348395006
3.9393939393939394 -1.1935928577116472
4.141414141414142 -0.9035257623175714
4.3434343434343425 -0.6967289081952963
4.545454545454545 -0.7366762642911775
4.747474747474747 -0.5165674874019439
4.94949494949495 -1.2208135920309142
5.1515151515151505 -1.273812088583623
5.353535353535353 -0.7507583166923282
5.555555555555555 -0.39870108727212544
5.757575757575758 -0.3586595829115872
5.9595959595959584 -0.245768865458113
6.161616161616163 -0.13479133527949277
6.363636363636363 0.5087582810932456
6.565656565656564 0.7490564680019323
6.767676767676768 -0.031085257153348478
6.969696969696969 0.9504149455705309
7.171717171717173 0.6420223533599712
7.373737373737374 1.0292775270055667
7.575757575757574 0.6588880334153724
7.777777777777779 0.8253757375052418
7.979797979797979 0.6155554907120923
8.18181818181818 0.6254654889083328
8.383838383838384 1.2456755063619398
8.585858585858585 0.5807897300786095
8.787878787878789 0.8314924167048019
8.98989898989899 0.6022104672128917
9.19191919191919 0.3809677731686899
9.393939393939394 0.5179326017726393
9.595959595959595 -0.13334312934392956
9.7979797979798 0.06802349583898548
10.0 -0.2921042636381653
