-8.788846807533206 -7.38626335770177 -1.1471080726473215
-2.0256836964621243 -9.997622348496138 0.5067569726791564
-5.269206484009244 3.944766931141821 -1.99326363950716
-8.805719680804568 7.4111453212238345 0.3216641621175027
4.927840032001443 -6.620546172998669 1.7305269693642629
-6.322666843342755 -0.23090815879400317 0.23667720690290336
-6.766168379372237 5.662445206580104 -0.17392400553400372
8.916045119033534 -2.9529174052113394 -1.7956494109474597
-8.969742350005808 6.135251533886439 -1.704966807315292
9.567590252821663 -5.291976371683875 1.1932101805608972
-4.993307763445001 -9.212367810429905 -1.4416596823905317
3.5317838083474626 -7.022471564254323 1.439763624604005
-0.8025642012491723 1.958978032583472 0.17664230181336005
-5.665520567278257 3.566146994580272 -1.5918367396989086
-8.671840263922672 0.13602961932118163 0.8752169554818255
-1.850135335947968 0.5569007695155577 1.4238496403126093
-1.2915281918562656 2.0707723356293766 -2.722183950941287
2.5921662516913546 4.783314818076059 -1.4898877122656469
-3.6460608544057287 -1.391866123870706 -1.7478040019797163
-6.999758104051055 -9.791584832344153 -0.383413290641626
5.9064236804320664 9.133989250486621 1.7758368699106226
-5.836040840973656 -1.3896751360784556 -2.1068328199065807
5.78374044529289 -5.172911932553967 -2.1122381065399813
-9.200853169959228 9.934832680210853 -0.17009894076542237
-3.32958451082646 1.4454548194832242 0.38591289363411796
0.2962129411894914 -2.7239044397733414 1.037383565248039
3.8403023888725762 7.540960884721571 -0.6354967160018491
2.014726584454369 -6.507723421101015 -0.2373836178527499
6.737048366751953 8.166269947481982 0.6175001911781468
5.773074793025684 1.7642054920934314 1.0832210745681838
-3.15908291849569 -0.28211305779541895 -1.1799094463115998
7.976843688347458 9.291529760744236 -1.6710352955873902
-7.304512418232399 -2.896935636322149 0.5294235003732088
-5.73113842068131 2.2439423746096825 -1.0519312038922077
5.607036617971941 2.4053217515916536 0.5720418271009367
9.43087659255768 0.15993989525121322 -0.58498359208259
-7.172467876894062 9.851301731296786 1.495710976025575
-3.5589642853378027 2.748871719563109 0.17556327487106282
5.840053577778416 -0.3445785225702487 -1.6893086381251008
-7.885502684041716 4.161842792826086 1.7305162906867335
-1.24885544747392 4.441107239997839 2.4149916680451318
-0.7554524696901375 9.071407838548797 1.5643154146100289
-1.8517845056044617 -8.29836527903141 1.9491953079269106
-4.133725928865541 7.440952122298093 1.2687911997916022
-1.8392312275630047 3.594993349493471 2.1199129680465534
-4.771516192027663 8.275722710986557 -0.03897187349347453
6.140389752940582 2.099716309431221 1.576143290998936
-9.742441100525705 -6.717735252532968 -2.10922000513852
9.178590330341027 -4.985621168946118 0.5283510723286691
1.556094438063182 -3.7195072931304 1.8518239669870575
0.9160229283497916 8.065120995801468 0.1833387379130872
-7.805342190213482 4.211207613659859 -0.512518652291536
-9.735368986846101 6.964979787024571 2.077440258478312
5.473543040625209 1.2879641348760522 -1.4445647600710039
9.770694783483759 -1.4695815310141178 2.07044226057281
6.369611001344278 1.2775426404879155 -0.025987198007576137
1.5414691532936526 4.390581915071198 -0.8821052972340141
-6.883503561151912 -2.5862836669402895 -0.9017139495511535
0.12213853465800462 -3.171478340214195 0.5589118966576742
-1.154911390067186 2.4248572422682724 -0.5055256205480798
-0.5770105742141229 8.285815913956757 -1.7011097609306383
7.654960000725911 -6.489072402456939 -1.3339569061184
-8.38497534603059 -5.1925557304727255 0.04979968706043403
-6.270819993742673 -9.386680789715253 -1.4510649964841982
-2.5446401366201847 -8.768619655876895 1.100404815875695
-5.839841717759318 6.768655494044566 -1.0158829773453126
4.087185669750816 -2.766160443772132 1.7074347457393755
-0.23996540878409078 -0.4066162753853835 -0.7153249440952298
-3.868170635378907 -5.875246598141793 -0.7284890281918154
4.273304278338433 -7.157474427773893 -1.1235726861609732
8.291545291163612 6.781935005735097 -0.014247854548228023
-2.6937598909089218 -4.636240308880173 1.4385529693476093
-0.8071641803640457 5.259033427906568 -0.3885449022470877
4.937510856083948 9.833946921350908 2.251588867358519
3.7179015422167367 3.722705560666924 -0.03288892236434504
2.2555076780904155 -2.175591399261534 -1.1739771917172295
-0.8576270971875317 5.125200091532925 0.06416197923622124
-4.420183397474751 -5.161436342718475 2.2674286238987884
3.7942373778223413 8.279125324565918 -2.1767468056254886
-3.669244363450874 -3.0976919006157777 -0.4983182896055913
3.1564684807396013 9.965943862482977 -0.3559775843267849
8.638605905289893 0.32566130965857987 0.12881033094660646
-2.0863232721831455 -6.2293277556690345 0.5204836834802132
-3.181576611110623 3.1047694246474915 -1.6082791742948854
-9.96451046803887 1.4321620432139 -0.2965562614749899
-6.702399877274994 4.5917309406328695 -1.2432734999512869
5.220015875028267 -1.2684281219943863 2.037579081837131
2.3802765499188876 2.3023479307573247 1.7541858360489253
4.901790468962673 -0.9353318637301946 1.142862412774137
6.7396115952131055 -9.927796829053644 -0.5134993020052467
3.2304521989068 5.384821276881267 1.444008507217104
2.7808812595800276 5.235922739879502 0.7548726805872492
-7.591730800040233 1.0280912620486724 1.0131463591401613
-7.781064266568167 -6.430002316161342 1.2049208593993228
9.232393449795545 -2.454180859256092 1.7128645726274665
-2.2740123830413816 8.94810921249514 -1.6905935423439455
-6.808072483030987 -5.450237259837327 -1.9337438545025267
-2.410661847720208 7.779623697247889 -0.9265883767792135
2.180660118155334 9.100100820032516 -0.9381723190044768
-2.9569045274137533 -7.304247058228381 1.1068443323526007
