-10.0 1.7758633112261004
-9.797979797979798 -0.929530383635135
-9.595959595959595 0.677527969333136
-9.393939393939394 0.9440957644531056
-9.191919191919192 -0.5566889122553227
-8.98989898989899 0.6456949101605727
-8.787878787878787 -0.8030208815748562
-8.585858585858587 -1.0620712387569724
-8.383838383838384 -1.6140772174278826
-8.181818181818182 -1.8205258772868538
-7.979797979797979 -0.44183296436008934
-7.777777777777778 -1.5871492342237383
-7.575757575757576 0.3292993921574935
-7.373737373737374 -0.05088914320807969
-7.171717171717171 -2.0405553644138212
-6.96969696969697 -1.287534305307485
-6.767676767676768 0.36919502024499445
-6.565656565656566 0.8970800036586419
-6.363636363636363 -1.0602428766424268
-6.161616161616162 -0.6886458574945229
-5.959595959595959 0.9480862391587996
-5.757575757575758 -0.04228141755804227
-5.555555555555555 0.9846195495279306
-5.353535353535354 1.1173312842574235
-5.151515151515151 2.1750299359744307
-4.94949494949495 1.8079980188092057
-4.747474747474747 1.7324879933419393
-4.545454545454546 0.7279307496341278
-4.343434343434343 2.1833065655640027
-4.141414141414142 0.017891487003633633
-3.9393939393939394 0.15085891883453417
-3.737373737373738 -0.26786754392616463
-3.5353535353535355 0.3515719855123056
-3.333333333333333 -0.005898075084451393
-3.1313131313131315 0.15079619074656442
-2.929292929292929 0.7980053098063284
-2.7272727272727275 -0.8157797542819338
-2.525252525252525 -1.8352455717509848
-2.3232323232323235 -1.7126224734268658
-2.121212121212121 -0.1621842069588918
-1.9191919191919187 0.23671926101166618
-1.717171717171718 -0.9728696494420903
-1.5151515151515156 -2.1719802171110048
-1.3131313131313131 -2.1230385174968793
-1.1111111111111107 -1.7768148267352286
-0.9090909090909101 0.2855017992431059
-0.7070707070707076 0.5274084545879358
-0.5050505050505052 -1.6697411397304456
-0.30303030303030276 -1.430137459087653
-0.10101010101010033 -0.7320272385769346
0.10101010101010033 -0.0930398474948017
0.30303030303030276 1.0938779519194333
0.5050505050505052 -0.4731347319341745
0.7070707070707076 0.7869323166595132
0.9090909090909083 0.12257485988550432
1.1111111111111107 0.6887765416467457
1.3131313131313131 1.2208958417192766
1.5151515151515156 2.04463714980445
1.7171717171717162 1.5943096672225505
1.9191919191919187 1.9438172277980794
2.121212121212121 1.7586049565855393
2.3232323232323235 -0.22073994495230764
2.525252525252524 0.3257170746562532
2.7272727272727266 1.6169203263501353
2.929292929292929 1.1399407234934822
3.1313131313131315 -0.6785964136058118
3.333333333333334 -0.9698548432966568
3.5353535353535346 -1.0899755958932251
3.737373737373737 -0.28957593476161536
3.9393939393939394 0.26319425760057236
4.141414141414142 -1.2166310734232795
4.3434343434343425 -0.2165705547991862
4.545454545454545 0.278204276819508
4.747474747474747 -0.8822441928762245
4.94949494949495 -1.132619028182285
5.1515151515151505 -0.7393168624318085
5.353535353535353 -1.1070072080415778
5.555555555555555 -1.3915078796858233
5.757575757575758 0.14165067252094676
5.9595959595959584 0.7064839706170758
6.161616161616163 0.43681560403302133
6.363636363636363 -0.7102152446634262
6.565656565656564 1.5337780182729668
6.767676767676768 0.2925350496410977
6.969696969696969 0.02453141301032513
7.171717171717173 0.9807613454183739
7.373737373737374 1.5445612038700767
7.575757575757574 0.655612885159506
7.777777777777779 0.49828728083491536
7.979797979797979 0.9388574689488065
8.18181818181818 1.917503038770538
8.383838383838384 -0.05909714878594752
8.585858585858585 0.9495165694427309
8.787878787878789 0.6250175735574901
8.98989898989899 0.9058328427202187
9.19191919191919 0.30223791736077643
9.393939393939394 0.678845249534269
9.595959595959595 -1.4188907741991035
9.7979797979798 -0.7147191562574289
10.0 0.46163602795307423
