-10.0 0.7064389201576304
-9.797979797979798 0.39308274618988065
-9.595959595959595 0.19804144813401464
-9.393939393939394 0.03069465535317895
-9.191919191919192 -0.3419158470596761
-8.98989898989899 -0.4176235152707505
-8.787878787878787 -0.6615212886928263
-8.585858585858587 -0.768718068909928
-8.383838383838384 -0.679293612682172
-8.181818181818182 -1.0453595952227221
-7.979797979797979 -0.8547862499960021
-7.777777777777778 -0.8820676314658219
-7.575757575757576 -1.0505280402668005
-7.373737373737374 -0.9110280176774754
-7.171717171717171 -0.7465413650784906
-6.96969696969697 -0.6198107741258527
-6.767676767676768 -0.6285124915280954
-6.565656565656566 -0.28247482667905816
-6.363636363636363 -0.1797645240945896
-6.161616161616162 0.015415487247215254
-5.959595959595959 0.32316044069881955
-5.757575757575758 0.6982710286458897
-5.555555555555555 0.4947576715109839
-5.353535353535354 0.814721691218842
-5.151515151515151 0.8027484714949216
-4.94949494949495 1.008051980983419
-4.747474747474747 1.1525360427266538
-4.545454545454546 1.143310643581332
-4.343434343434343 0.7585811216247615
-4.141414141414142 0.9632114403182288
-3.9393939393939394 0.7142405628478788
-3.737373737373738 0.7285159672250814
-3.5353535353535355 0.3805264318490932
-3.333333333333333 0.0015892381045255477
-3.1313131313131315 -0.05400342604614611
-2.929292929292929 -0.0833042583298362
-2.7272727272727275 -0.3425720123143475
-2.525252525252525 -0.41048992601981976
-2.3232323232323235 -0.6090758141658084
-2.121212121212121 -1.0144186911071542
-1.9191919191919187 -1.1303814920761517
-1.717171717171718 -1.0411857839007919
-1.5151515151515156 -0.9575518489648678
-1.3131313131313131 -1.0779571630434666
-1.1111111111111107 -0.7010778037340638
-0.9090909090909101 -0.9698284853594022
-0.7070707070707076 -0.8225461843849718
-0.5050505050505052 -0.6345817898205205
-0.30303030303030276 -0.3687230519665035
-0.10101010101010033 -0.24573298230372365
0.10101010101010033 -0.08391070551974371
0.30303030303030276 0.4002411838701082
0.5050505050505052 0.3045185069476612
0.7070707070707076 0.5913981441213918
0.9090909090909083 0.9437568031276564
1.1111111111111107 0.9551123423124019
1.3131313131313131 0.8102377650387043
1.5151515151515156 1.1813119414862179
1.7171717171717162 1.1647071497485058
1.9191919191919187 1.0448534316440983
2.121212121212121 0.9965163456681483
2.3232323232323235 0.730143593931003
2.525252525252524 0.4120959292922964
2.7272727272727266 0.4220288258477699
2.929292929292929 0.3286306707291001
3.1313131313131315 0.1593137418087361
3.333333333333334 -0.3823219736802962
3.5353535353535346 -0.21004010256579864
3.737373737373737 -0.43323158857088817
3.9393939393939394 -0.7848918298540731
4.141414141414142 -0.7407967631939392
4.3434343434343425 -0.9274017922507591
4.545454545454545 -1.0402026967710267
4.747474747474747 -0.8239170743994783
4.94949494949495 -1.1482598672449886
5.1515151515151505 -0.7796446824329005
5.353535353535353 -0.7347919086966028
5.555555555555555 -0.5017249637230591
5.757575757575758 -0.38440184157485296
5.9595959595959584 -0.15680844651684178
6.161616161616163 -0.03749636020068674
6.363636363636363 -0.07884754409080859
6.565656565656564 0.39168992265043134
6.767676767676768 0.40233707304315286
6.969696969696969 0.613741737131791
7.171717171717173 0.9416369285302206
7.373737373737374 1.00508165071183
7.575757575757574 0.7678231323763683
7.777777777777779 0.8512843777950914
7.979797979797979 1.0723728902620284
8.18181818181818 0.9034422279082086
8.383838383838384 0.9309479693681346
8.585858585858585 0.7143409850217712
8.787878787878789 0.4468341206334465
8.98989898989899 0.22166223329573137
9.19191919191919 0.09565757358892535
9.393939393939394 0.0973404474773481
9.595959595959595 -0.29595169628781115
9.7979797979798 -0.19654864972771685
10.0 -0.3831763031077645
