-8.788846807533206 -7.38626335770177 1.2791642050236347
-2.0256836964621243 -9.997622348496138 5.532019681670567
-5.269206484009244 3.944766931141821 -1.8034774420306796
-8.805719680804568 7.4111453212238345 -6.688652861485715
4.927840032001443 -6.620546172998669 0.3322947492964088
-6.322666843342755 -0.23090815879400317 -1.6906119298656677
-6.766168379372237 5.662445206580104 5.454616999314612
8.916045119033534 -2.9529174052113394 1.820876540771528
-8.969742350005808 6.135251533886439 -3.734183573975868
9.567590252821663 -5.291976371683875 -7.127377052461984
-4.993307763445001 -9.212367810429905 -1.2921915399446604
3.5317838083474626 -7.022471564254323 7.263242842104897
-0.8025642012491723 1.958978032583472 -9.651873367845319
-5.665520567278257 3.566146994580272 7.879988879139706
-8.671840263922672 0.13602961932118163 -1.586181511722377
-1.850135335947968 0.5569007695155577 -1.1389045622194367
-1.2915281918562656 2.0707723356293766 -9.126395908574315
2.5921662516913546 4.783314818076059 -8.142002992039323
-3.6460608544057287 -1.391866123870706 6.613210864008499
-6.999758104051055 -9.791584832344153 -7.566184254797761
5.9064236804320664 9.133989250486621 3.0378349236650877
-5.836040840973656 -1.3896751360784556 -8.214249177215537
5.78374044529289 -5.172911932553967 -3.3271110202781724
-9.200853169959228 9.934832680210853 -0.6432253008941917
-3.32958451082646 1.4454548194832242 -8.944664982931531
0.2962129411894914 -2.7239044397733414 -2.344925338931111
3.8403023888725762 7.540960884721571 8.448106825806304
2.014726584454369 -6.507723421101015 2.288936537448471
6.737048366751953 8.166269947481982 7.502349188112453
5.773074793025684 1.7642054920934314 -3.3310561709786075
-3.15908291849569 -0.28211305779541895 -6.806986659586341
7.976843688347458 9.291529760744236 -5.274774342970107
-7.304512418232399 -2.896935636322149 6.992889424177016
-5.73113842068131 2.2439423746096825 3.8973585322395667
5.607036617971941 2.4053217515916536 -8.495528478228737
9.43087659255768 0.15993989525121322 0.5297018531398231
-7.172467876894062 9.851301731296786 9.417118582335496
-3.5589642853378027 2.748871719563109 -2.332086558224635
5.840053577778416 -0.3445785225702487 -7.545757793160336
-7.885502684041716 4.161842792826086 4.503414125179908
-1.24885544747392 4.441107239997839 0.688493687487999
-0.7554524696901375 9.071407838548797 5.468604578647967
-1.8517845056044617 -8.29836527903141 3.7812395418675253
-4.133725928865541 7.440952122298093 9.369910290524327
-1.8392312275630047 3.594993349493471 -9.118917848773343
-4.771516192027663 8.275722710986557 0.40340948292736956
6.140389752940582 2.099716309431221 4.02646128643534
-9.742441100525705 -6.717735252532968 0.7973352503004284
9.178590330341027 -4.985621168946118 8.92527741155017
1.556094438063182 -3.7195072931304 -6.495839415158374
0.9160229283497916 8.065120995801468 2.35913953165777
-7.805342190213482 4.211207613659859 -0.20675946137441137
-9.735368986846101 6.964979787024571 6.001732480655985
5.473543040625209 1.2879641348760522 -1.747505596316358
9.770694783483759 -1.4695815310141178 -9.125476983427218
6.369611001344278 1.2775426404879155 1.7641335666283129
1.5414691532936526 4.390581915071198 -3.373525371695105
-6.883503561151912 -2.5862836669402895 3.7670209546496682
0.12213853465800462 -3.171478340214195 -6.533400926102711
-1.154911390067186 2.4248572422682724 -3.9847527390435578
-0.5770105742141229 8.285815913956757 1.477852904375875
7.654960000725911 -6.489072402456939 -0.6786476179880873
-8.38497534603059 -5.1925557304727255 1.6381001050369075
-6.270819993742673 -9.386680789715253 -9.378455443797515
-2.5446401366201847 -8.768619655876895 -6.946296247334049
-5.839841717759318 6.768655494044566 5.851170413587125
4.087185669750816 -2.766160443772132 -5.285568113731265
-0.23996540878409078 -0.4066162753853835 5.791569668983487
-3.868170635378907 -5.875246598141793 -7.994566823403083
4.273304278338433 -7.157474427773893 -5.185422797179482
8.291545291163612 6.781935005735097 1.6790503112140318
-2.6937598909089218 -4.636240308880173 -7.366667902231679
-0.8071641803640457 5.259033427906568 -9.08573972679887
4.937510856083948 9.833946921350908 7.296769726183517
3.7179015422167367 3.722705560666924 4.763359722028044
2.2555076780904155 -2.175591399261534 7.355107095038419
-0.8576270971875317 5.125200091532925 3.4274941026983807
-4.420183397474751 -5.161436342718475 6.061956634583197
3.7942373778223413 8.279125324565918 -8.644952939178312
-3.669244363450874 -3.0976919006157777 9.512798023592234
3.1564684807396013 9.965943862482977 5.837875853390833
8.638605905289893 0.32566130965857987 -0.19626574834641872
-2.0863232721831455 -6.2293277556690345 -3.47841457755746
-3.181576611110623 3.1047694246474915 -1.6661659778725864
-9.96451046803887 1.4321620432139 -5.755677570582594
-6.702399877274994 4.5917309406328695 3.0275167437827393
5.220015875028267 -1.2684281219943863 8.721718264523114
2.3802765499188876 2.3023479307573247 0.21569463195450844
4.901790468962673 -0.9353318637301946 10.070227224725288
6.7396115952131055 -9.927796829053644 0.7271914949132057
3.2304521989068 5.384821276881267 -3.929275783233153
2.7808812595800276 5.235922739879502 -4.525388709580573
-7.591730800040233 1.0280912620486724 2.7422024608665843
-7.781064266568167 -6.430002316161342 3.5539021472298074
9.232393449795545 -2.454180859256092 8.600093278490611
-2.2740123830413816 8.94810921249514 -9.791798377674311
-6.808072483030987 -5.450237259837327 1.480122889022375
-2.410661847720208 7.779623697247889 1.4555074518967137
2.180660118155334 9.100100820032516 -8.76569684698601
-2.9569045274137533 -7.304247058228381 -6.374535431311537
