-10.0 0.26922926797354285
-9.797979797979798 1.366797486419599
-9.595959595959595 0.26614951394349123
-9.393939393939394 0.2607674766553032
-9.191919191919192 -0.43666262195325695
-8.98989898989899 -1.3831010435858169
-8.787878787878787 -0.8105468506111287
-8.585858585858587 -1.5868693142558379
-8.383838383838384 -1.8016287404021123
-8.181818181818182 -0.9635239916581402
-7.979797979797979 -0.9753934449248309
-7.777777777777778 -0.7012350912079328
-7.575757575757576 -0.5819683825668581
-7.373737373737374 -1.9110246624171174
-7.171717171717171 -0.38881226175079964
-6.96969696969697 -0.41231546914745765
-6.767676767676768 -0.004188049744694944
-6.565656565656566 0.4403559626924079
-6.363636363636363 -0.3390592861613681
-6.161616161616162 0.87873000501056
-5.959595959595959 0.26112950003756913
-5.757575757575758 1.1701590510146311
-5.555555555555555 0.8746290665865535
-5.353535353535354 0.9428531680154244
-5.151515151515151 2.009393215611574
-4.94949494949495 0.748206090116247
-4.747474747474747 0.8192126859932057
-4.545454545454546 1.3487438718454292
-4.343434343434343 1.8304779662275186
-4.141414141414142 0.48082055400964807
-3.9393939393939394 0.8665711039649473
-3.737373737373738 1.4252538231705008
-3.5353535353535355 1.4196824966854762
-3.333333333333333 0.46234265920056405
-3.1313131313131315 -0.6112393511040283
-2.929292929292929 -0.09957402661555761
-2.7272727272727275 -0.3360519962206897
-2.525252525252525 -0.9026837922415911
-2.3232323232323235 0.43050212792876186
-2.121212121212121 -0.065132083517348
-1.9191919191919187 -0.5728319648898774
-1.717171717171718 -1.1921292024830932
-1.5151515151515156 -1.656931170790338
-1.3131313131313131 -0.7037744386260453
-1.1111111111111107 0.19778489482939432
-0.9090909090909101 -1.2785387920946507
-0.7070707070707076 -0.15630121460673974
-0.5050505050505052 0.08180259578569066
-0.30303030303030276 -0.9950676513691434
-0.10101010101010033 -1.0448994230103805
0.10101010101010033 0.2142622070270726
0.30303030303030276 -0.8773635462084064
0.5050505050505052 0.3811244522823441
0.7070707070707076 0.004616306563564265
0.9090909090909083 0.567679827678756
1.1111111111111107 0.7670381527792918
1.3131313131313131 1.0533220685419855
1.5151515151515156 0.17408194553829548
1.7171717171717162 1.3287633501684168
1.9191919191919187 1.8246659373525256
2.121212121212121 0.1671489176435499
2.3232323232323235 0.5466851477550284
2.525252525252524 0.7920367399595005
2.7272727272727266 1.3523042004152153
2.929292929292929 0.19489679651189643
3.1313131313131315 -0.43398097895140303
3.333333333333334 -0.9206821900778748
3.5353535353535346 -0.5971292944681439
3.737373737373737 0.1464078265127049
3.9393939393939394 0.14976585198513792
4.141414141414142 -0.7330740063882699
4.3434343434343425 -1.5652647099439836
4.545454545454545 -2.1616200099116125
4.747474747474747 -0.13463044681546454
4.94949494949495 -1.609587679384844
5.1515151515151505 -1.4414240543668744
5.353535353535353 0.3256741490127736
5.555555555555555 -0.8629905960499344
5.757575757575758 -1.2178251008455494
5.9595959595959584 0.7775856454778529
6.161616161616163 0.36700948310802106
6.363636363636363 0.6657935634079809
6.565656565656564 0.4118411287902564
6.767676767676768 1.6160495744141428
6.969696969696969 0.3675006522397173
7.171717171717173 1.1674261103017427
7.373737373737374 1.252343691927416
7.575757575757574 0.9156870296514951
7.777777777777779 -0.11665427691738162
7.979797979797979 2.0363754605877027
8.18181818181818 1.1610678166151327
8.383838383838384 -0.14026581779079272
8.585858585858585 0.752598758722817
8.787878787878789 1.3755855480092363
8.98989898989899 0.30820626014316194
9.19191919191919 0.31180228725687054
9.393939393939394 -0.0701400931953351
9.595959595959595 0.5939449345747077
9.7979797979798 -1.3953243564188353
10.0 -1.004292386684302
