-8.788846807533206 -7.38626335770177 -1.474899950707075
-2.0256836964621243 -9.997622348496138 2.7872496400799296
-5.269206484009244 3.944766931141821 -2.4993119592883595
-8.805719680804568 7.4111453212238345 -10.591763099602499
4.927840032001443 -6.620546172998669 4.081031766076109
-6.322666843342755 -0.23090815879400317 -8.561301361378309
-6.766168379372237 5.662445206580104 -6.96915882101061
8.916045119033534 -2.9529174052113394 8.621561391636266
-8.969742350005808 6.135251533886439 10.988570795453844
9.567590252821663 -5.291976371683875 -7.352753599193017
-4.993307763445001 -9.212367810429905 -9.004195446905046
3.5317838083474626 -7.022471564254323 -6.664626671505343
-0.8025642012491723 1.958978032583472 -3.427978240284597
-5.665520567278257 3.566146994580272 8.650442248443785
-8.671840263922672 0.13602961932118163 -10.79538632444973
-1.850135335947968 0.5569007695155577 4.853334468984245
-1.2915281918562656 2.0707723356293766 -2.235724707258057
2.5921662516913546 4.783314818076059 1.9605426221535562
-3.6460608544057287 -1.391866123870706 -8.868906725458555
-6.999758104051055 -9.791584832344153 2.4212039086591344
5.9064236804320664 9.133989250486621 -6.27745348107892
-5.836040840973656 -1.3896751360784556 -3.857587483792601
5.78374044529289 -5.172911932553967 -10.110863385831077
-9.200853169959228 9.934832680210853 6.401118638715528
-3.32958451082646 1.4454548194832242 5.392325644784313
0.2962129411894914 -2.7239044397733414 2.839289204748708
3.8403023888725762 7.540960884721571 6.680954425062576
2.014726584454369 -6.507723421101015 7.697630201812403
6.737048366751953 8.166269947481982 -0.5861924853250098
5.773074793025684 1.7642054920934314 -7.201838374456396
-3.15908291849569 -0.28211305779541895 5.678863744133059
7.976843688347458 9.291529760744236 9.30911119849595
-7.304512418232399 -2.896935636322149 9.444886351592366
-5.73113842068131 2.2439423746096825 -8.664797579850514
5.607036617971941 2.4053217515916536 -7.119348360872459
9.43087659255768 0.15993989525121322 8.875154814220398
-7.172467876894062 9.851301731296786 -1.4977163374962668
-3.5589642853378027 2.748871719563109 1.8170990390559991
5.840053577778416 -0.3445785225702487 -0.36267144417372743
-7.885502684041716 4.161842792826086 6.185219663692473
-1.24885544747392 4.441107239997839 6.52800061949283
-0.7554524696901375 9.071407838548797 10.256121681962927
-1.8517845056044617 -8.29836527903141 -3.186232275009555
-4.133725928865541 7.440952122298093 -0.7495158322042538
-1.8392312275630047 3.594993349493471 10.603297322658074
-4.771516192027663 8.275722710986557 -9.706131171539491
6.140389752940582 2.099716309431221 0.1963997854800374
-9.742441100525705 -6.717735252532968 4.456483511512215
9.178590330341027 -4.985621168946118 -7.837632994072265
1.556094438063182 -3.7195072931304 -9.53838835587959
0.9160229283497916 8.065120995801468 2.758105829080688
-7.805342190213482 4.211207613659859 3.570908196837194
-9.735368986846101 6.964979787024571 -2.824891004101965
5.473543040625209 1.2879641348760522 -8.36734359275828
9.770694783483759 -1.4695815310141178 2.0449200879794245
6.369611001344278 1.2775426404879155 -3.9352786695735484
1.5414691532936526 4.390581915071198 -10.346008970760895
-6.883503561151912 -2.5862836669402895 0.9615026878083981
0.12213853465800462 -3.171478340214195 -9.637651795333513
-1.154911390067186 2.4248572422682724 -1.7679574996532765
-0.5770105742141229 8.285815913956757 -5.229146788255953
7.654960000725911 -6.489072402456939 -5.532472342891689
-8.38497534603059 -5.1925557304727255 9.431085518179703
-6.270819993742673 -9.386680789715253 -0.5251259591456702
-2.5446401366201847 -8.768619655876895 3.354991612565062
-5.839841717759318 6.768655494044566 -8.509704176922876
4.087185669750816 -2.766160443772132 -9.762531712626272
-0.23996540878409078 -0.4066162753853835 0.6205480882306431
-3.868170635378907 -5.875246598141793 -4.969868270956893
4.273304278338433 -7.157474427773893 -9.939490012125836
8.291545291163612 6.781935005735097 -5.692400808662921
-2.6937598909089218 -4.636240308880173 -8.490968525713381
-0.8071641803640457 5.259033427906568 -5.16639393133562
4.937510856083948 9.833946921350908 -7.281538842321525
3.7179015422167367 3.722705560666924 -8.850382884979476
2.2555076780904155 -2.175591399261534 -4.271235594232308
-0.8576270971875317 5.125200091532925 2.743414949811127
-4.420183397474751 -5.161436342718475 -5.773494574744458
3.7942373778223413 8.279125324565918 -4.55568609565305
-3.669244363450874 -3.0976919006157777 2.18209515821647
3.1564684807396013 9.965943862482977 -2.87696727211772
8.638605905289893 0.32566130965857987 -1.7100576791179207
-2.0863232721831455 -6.2293277556690345 -5.037383099569482
-3.181576611110623 3.1047694246474915 7.940823984702917
-9.96451046803887 1.4321620432139 -8.4970433897708
-6.702399877274994 4.5917309406328695 -3.752546677670407
5.220015875028267 -1.2684281219943863 -1.7085684834847195
2.3802765499188876 2.3023479307573247 -7.438347183902425
4.901790468962673 -0.9353318637301946 -10.110524360208602
6.7396115952131055 -9.927796829053644 -8.858396996612207
3.2304521989068 5.384821276881267 11.028661224843464
2.7808812595800276 5.235922739879502 0.9559239110017046
-7.591730800040233 1.0280912620486724 -10.344954264766857
-7.781064266568167 -6.430002316161342 -3.824658380340861
9.232393449795545 -2.454180859256092 -10.909321772992358
-2.2740123830413816 8.94810921249514 -10.86828452614939
-6.808072483030987 -5.450237259837327 1.7947378525465267
-2.410661847720208 7.779623697247889 -1.4033048683656064
2.180660118155334 9.100100820032516 1.373518903625476
-2.9569045274137533 -7.304247058228381 -7.03788556016616
