-8.788846807533206 -7.38626335770177 1.7914541482403723
-2.0256836964621243 -9.997622348496138 -10.262093701600737
-5.269206484009244 3.944766931141821 -1.092465321910625
-8.805719680804568 7.4111453212238345 5.373944088963012
4.927840032001443 -6.620546172998669 5.216462408945352
-6.322666843342755 -0.23090815879400317 9.218422640469575
-6.766168379372237 5.662445206580104 0.6794750534869136
8.916045119033534 -2.9529174052113394 -0.5243488191092364
-8.969742350005808 6.135251533886439 8.397102328051826
9.567590252821663 -5.291976371683875 -5.887845887904435
-4.993307763445001 -9.212367810429905 8.544614239291887
3.5317838083474626 -7.022471564254323 -0.3878300666312361
-0.8025642012491723 1.958978032583472 -6.754718177063882
-5.665520567278257 3.566146994580272 -13.202596803173702
-8.671840263922672 0.13602961932118163 0.8739171141918557
-1.850135335947968 0.5569007695155577 -2.9645360736882163
-1.2915281918562656 2.0707723356293766 -13.531952651150982
2.5921662516913546 4.783314818076059 -7.079852286550631
-3.6460608544057287 -1.391866123870706 -1.0960734623222828
-6.999758104051055 -9.791584832344153 6.5141231971974625
5.9064236804320664 9.133989250486621 -6.925622339281003
-5.836040840973656 -1.3896751360784556 -9.754622727492817
5.78374044529289 -5.172911932553967 12.061995849110154
-9.200853169959228 9.934832680210853 4.2825254374244315
-3.32958451082646 1.4454548194832242 -1.4030838690050051
0.2962129411894914 -2.7239044397733414 -11.091700302608094
3.8403023888725762 7.540960884721571 -9.345364482837992
2.014726584454369 -6.507723421101015 10.1514396513053
6.737048366751953 8.166269947481982 2.0390029751254253
5.773074793025684 1.7642054920934314 -10.510589845322347
-3.15908291849569 -0.28211305779541895 9.169403617214513
7.976843688347458 9.291529760744236 5.685473356560217
-7.304512418232399 -2.896935636322149 -6.837907559665571
-5.73113842068131 2.2439423746096825 5.598461016520066
5.607036617971941 2.4053217515916536 12.541222268190724
9.43087659255768 0.15993989525121322 0.5799093054257672
-7.172467876894062 9.851301731296786 0.8951809596130069
-3.5589642853378027 2.748871719563109 1.6720837063327503
5.840053577778416 -0.3445785225702487 -1.6630952091235538
-7.885502684041716 4.161842792826086 11.45079259289994
-1.24885544747392 4.441107239997839 1.0232168517557045
-0.7554524696901375 9.071407838548797 2.38132959686505
-1.8517845056044617 -8.29836527903141 12.129284419720259
-4.133725928865541 7.440952122298093 3.4365425776355947
-1.8392312275630047 3.594993349493471 -10.792712676410009
-4.771516192027663 8.275722710986557 -1.8207454904421048
6.140389752940582 2.099716309431221 -7.70487495767725
-9.742441100525705 -6.717735252532968 3.254795413830936
9.178590330341027 -4.985621168946118 4.632413575533611
1.556094438063182 -3.7195072931304 11.00307661925176
0.9160229283497916 8.065120995801468 -1.600761346253372
-7.805342190213482 4.211207613659859 4.216100495876888
-9.735368986846101 6.964979787024571 -11.13593415885807
5.473543040625209 1.2879641348760522 -4.668511267512882
9.770694783483759 -1.4695815310141178 4.385259309203788
6.369611001344278 1.2775426404879155 11.002733011043608
1.5414691532936526 4.390581915071198 -6.2926683516347
-6.883503561151912 -2.5862836669402895 -1.4425476722690913
0.12213853465800462 -3.171478340214195 -11.164641399731067
-1.154911390067186 2.4248572422682724 -10.229116036033917
-0.5770105742141229 8.285815913956757 -7.378108074427799
7.654960000725911 -6.489072402456939 -2.530507017105819
-8.38497534603059 -5.1925557304727255 -7.28621330890723
-6.270819993742673 -9.386680789715253 -3.6925430856487984
-2.5446401366201847 -8.768619655876895 11.64911445222478
-5.839841717759318 6.768655494044566 -11.084162031298785
4.087185669750816 -2.766160443772132 7.877224635794205
-0.23996540878409078 -0.4066162753853835 9.707098688686122
-3.868170635378907 -5.875246598141793 -12.693235934773249
4.273304278338433 -7.157474427773893 -3.2814613924370355
8.291545291163612 6.781935005735097 -0.909148932924231
-2.6937598909089218 -4.636240308880173 4.432829342807452
-0.8071641803640457 5.259033427906568 0.8608303762021556
4.937510856083948 9.833946921350908 -5.1829183979316396
3.7179015422167367 3.722705560666924 -12.614592540442658
2.2555076780904155 -2.175591399261534 -1.646488438408523
-0.8576270971875317 5.125200091532925 -0.6648681860857514
-4.420183397474751 -5.161436342718475 3.6679139532857907
3.7942373778223413 8.279125324565918 8.5432227321306
-3.669244363450874 -3.0976919006157777 -7.36303778765284
3.1564684807396013 9.965943862482977 2.5862042606457
8.638605905289893 0.32566130965857987 -5.8837703303577875
-2.0863232721831455 -6.2293277556690345 -8.91848274669115
-3.181576611110623 3.1047694246474915 10.514377876330798
-9.96451046803887 1.4321620432139 -6.208078215161643
-6.702399877274994 4.5917309406328695 5.403813621333206
5.220015875028267 -1.2684281219943863 12.253394283106722
2.3802765499188876 2.3023479307573247 10.370234972740544
4.901790468962673 -0.9353318637301946 -8.456406575666971
6.7396115952131055 -9.927796829053644 6.483676404568125
3.2304521989068 5.384821276881267 0.1956794774789865
2.7808812595800276 5.235922739879502 4.936995780689561
-7.591730800040233 1.0280912620486724 -5.3493413757904165
-7.781064266568167 -6.430002316161342 -3.634147469957139
9.232393449795545 -2.454180859256092 5.213749976239265
-2.2740123830413816 8.94810921249514 -7.90969985088886
-6.808072483030987 -5.450237259837327 -1.502417320567695
-2.410661847720208 7.779623697247889 -10.810345872125554
2.180660118155334 9.100100820032516 -9.467858525823697
-2.9569045274137533 -7.304247058228381 -2.352630629249725
