-10.0 0.6092556982844515
-9.797979797979798 -0.4471119439617468
-9.595959595959595 0.06916810764560616
-9.393939393939394 -0.7121710801430664
-9.191919191919192 -0.36572651682375995
-8.98989898989899 -0.9560017765929534
-8.787878787878787 -0.9730643936829462
-8.585858585858587 -0.707003049868042
-8.383838383838384 -1.537379597066503
-8.181818181818182 -1.4863650536930915
-7.979797979797979 -1.2889649345038556
-7.777777777777778 -0.899210498422658
-7.575757575757576 -0.4417669148093485
-7.373737373737374 -0.4234781417179597
-7.171717171717171 -1.1722470142004795
-6.96969696969697 -0.3909929840614851
-6.767676767676768 -1.2768430482878548
-6.565656565656566 0.13861402297614794
-6.363636363636363 0.03322800352248574
-6.161616161616162 0.4955155702104521
-5.959595959595959 -0.38903308759001615
-5.757575757575758 0.7041545164475231
-5.555555555555555 0.07466555046530976
-5.353535353535354 0.8904233658658672
-5.151515151515151 0.9471361646242262
-4.94949494949495 1.7408791475462166
-4.747474747474747 0.14122042367628496
-4.545454545454546 1.3774007468427318
-4.343434343434343 1.5619632960230063
-4.141414141414142 0.33381390867900196
-3.9393939393939394 0.6475170235748312
-3.737373737373738 1.316076415101723
-3.5353535353535355 -0.05617743065628644
-3.333333333333333 -0.517296993516159
-3.1313131313131315 0.6353497576229501
-2.929292929292929 0.0898837423676195
-2.7272727272727275 -1.1244983587606385
-2.525252525252525 -0.7511831531060325
-2.3232323232323235 -0.7836824233418366
-2.121212121212121 -0.09645941312639705
-1.9191919191919187 -0.7808453511632263
-1.717171717171718 -1.675456133839511
-1.5151515151515156 -1.4398295318886563
-1.3131313131313131 -0.1672828365124449
-1.1111111111111107 -0.6466658025210592
-0.9090909090909101 -1.6234687108611456
-0.7070707070707076 -1.5092986477388306
-0.5050505050505052 0.33697584882027426
-0.30303030303030276 -0.974664384277204
-0.10101010101010033 -0.05386830961654772
0.10101010101010033 0.5320947199443892
0.30303030303030276 0.6482482726602541
0.5050505050505052 1.093227134795229
0.7070707070707076 0.3519859132301222
0.9090909090909083 1.3029517411666598
1.1111111111111107 0.7245686998743549
1.3131313131313131 1.3137615099460715
1.5151515151515156 1.556552862734728
1.7171717171717162 1.8726066659700948
1.9191919191919187 1.5759901270721897
2.121212121212121 0.25188823185910336
2.3232323232323235 0.7161981179985184
2.525252525252524 0.6272567544157545
2.7272727272727266 0.6653877125123939
2.929292929292929 0.7117119850384916
3.1313131313131315 0.3174720828179854
3.333333333333334 -0.13465481354568376
3.5353535353535346 -1.2687451797111227
3.737373737373737 -0.5112426035044436
3.9393939393939394 0.00843683508093429
4.141414141414142 -0.4769182312132221
4.3434343434343425 -0.7936568769346658
4.545454545454545 -0.8381693916805987
4.747474747474747 -1.8078011934451403
4.94949494949495 -0.889917682095755
5.1515151515151505 -0.044469275968753275
5.353535353535353 -0.5163868697596684
5.555555555555555 -1.5150654922025937
5.757575757575758 -0.45471526298286136
5.9595959595959584 -1.2128877355232195
6.161616161616163 -0.1016401336734417
6.363636363636363 0.20228842132379893
6.565656565656564 0.01526932882682891
6.767676767676768 -0.1164603986452803
6.969696969696969 1.052392103722605
7.171717171717173 -0.01259026499990501
7.373737373737374 0.038646188740873666
7.575757575757574 0.6268721589091729
7.777777777777779 1.0565040673470185
7.979797979797979 0.538411111661009
8.18181818181818 1.0181764022304396
8.383838383838384 0.5787368072361755
8.585858585858585 0.49764574843394904
8.787878787878789 0.29304107266451673
8.98989898989899 0.7659125489382781
9.19191919191919 0.6561742144702961
9.393939393939394 0.12206433224158875
9.595959595959595 0.3158517212151489
9.7979797979798 0.28874676755206735
10.0 -0.17748010130591396
