-8.788846807533206 -7.38626335770177 8.877223310356444
-2.0256836964621243 -9.997622348496138 1.3034132144296517
-5.269206484009244 3.944766931141821 7.025217550460917
-8.805719680804568 7.4111453212238345 -14.491202535068318
4.927840032001443 -6.620546172998669 -5.424010167433702
-6.322666843342755 -0.23090815879400317 2.990865165574032
-6.766168379372237 5.662445206580104 14.707907364667614
8.916045119033534 -2.9529174052113394 -10.20659686031697
-8.969742350005808 6.135251533886439 -3.064756552567095
9.567590252821663 -5.291976371683875 -0.25166899376463414
-4.993307763445001 -9.212367810429905 2.8775598982027297
3.5317838083474626 -7.022471564254323 11.577498547066275
-0.8025642012491723 1.958978032583472 -8.166198509357624
-5.665520567278257 3.566146994580272 -9.269999750604942
-8.671840263922672 0.13602961932118163 -1.0800194766371145
-1.850135335947968 0.5569007695155577 14.319559887697274
-1.2915281918562656 2.0707723356293766 -1.2388504442967558
2.5921662516913546 4.783314818076059 -0.6680377277292646
-3.6460608544057287 -1.391866123870706 2.9590116000498603
-6.999758104051055 -9.791584832344153 -11.548143102888517
5.9064236804320664 9.133989250486621 14.561055696717968
-5.836040840973656 -1.3896751360784556 -3.9146146613087396
5.78374044529289 -5.172911932553967 -8.933616878242239
-9.200853169959228 9.934832680210853 -12.830023257363093
-3.32958451082646 1.4454548194832242 -2.910589147690038
0.2962129411894914 -2.7239044397733414 -1.1312433411459994
3.8403023888725762 7.540960884721571 -5.273273377054262
2.014726584454369 -6.507723421101015 7.622890926167342
6.737048366751953 8.166269947481982 -0.5422193951787004
5.773074793025684 1.7642054920934314 5.679658393816888
-3.15908291849569 -0.28211305779541895 0.00015116299996072603
7.976843688347458 9.291529760744236 -2.645690799459879
-7.304512418232399 -2.896935636322149 -13.67369379561686
-5.73113842068131 2.2439423746096825 7.959245697225976
5.607036617971941 2.4053217515916536 5.165354383457466
9.43087659255768 0.15993989525121322 -9.026323654709586
-7.172467876894062 9.851301731296786 7.0070756191587344
-3.5589642853378027 2.748871719563109 11.363671038260074
5.840053577778416 -0.3445785225702487 -2.837945883899619
-7.885502684041716 4.161842792826086 -2.001407857396606
-1.24885544747392 4.441107239997839 -2.7412005144698375
-0.7554524696901375 9.071407838548797 -0.5209444394750973
-1.8517845056044617 -8.29836527903141 1.3821997405550388
-4.133725928865541 7.440952122298093 -3.56331126889203
-1.8392312275630047 3.594993349493471 8.19369531632102
-4.771516192027663 8.275722710986557 -12.381733886925348
6.140389752940582 2.099716309431221 -0.22013950436961466
-9.742441100525705 -6.717735252532968 -9.887504753897288
9.178590330341027 -4.985621168946118 -7.079280702727828
1.556094438063182 -3.7195072931304 7.4484001653937035
0.9160229283497916 8.065120995801468 7.087755359827203
-7.805342190213482 4.211207613659859 0.5557837156642239
-9.735368986846101 6.964979787024571 -0.17014276843498505
5.473543040625209 1.2879641348760522 -10.903043862998421
9.770694783483759 -1.4695815310141178 14.652859821590614
6.369611001344278 1.2775426404879155 11.23052482845399
1.5414691532936526 4.390581915071198 -7.634728099971743
-6.883503561151912 -2.5862836669402895 -4.364916643138983
0.12213853465800462 -3.171478340214195 -8.200733814115457
-1.154911390067186 2.4248572422682724 0.9815639166824215
-0.5770105742141229 8.285815913956757 -14.96197106871252
7.654960000725911 -6.489072402456939 -10.224392675689163
-8.38497534603059 -5.1925557304727255 8.622821100715392
-6.270819993742673 -9.386680789715253 6.098181525163806
-2.5446401366201847 -8.768619655876895 10.279405396875477
-5.839841717759318 6.768655494044566 2.395241676643872
4.087185669750816 -2.766160443772132 -2.8973385134990406
-0.23996540878409078 -0.4066162753853835 -0.5547664794801261
-3.868170635378907 -5.875246598141793 9.097943686472645
4.273304278338433 -7.157474427773893 6.51942053991112
8.291545291163612 6.781935005735097 2.033983949876807
-2.6937598909089218 -4.636240308880173 8.151761164010372
-0.8071641803640457 5.259033427906568 -2.0521376922106764
4.937510856083948 9.833946921350908 8.574000652972318
3.7179015422167367 3.722705560666924 -7.470998791330791
2.2555076780904155 -2.175591399261534 -11.072438355105108
-0.8576270971875317 5.125200091532925 -11.70427041960832
-4.420183397474751 -5.161436342718475 -4.539533567898026
3.7942373778223413 8.279125324565918 -2.67389884916478
-3.669244363450874 -3.0976919006157777 14.754145779175131
3.1564684807396013 9.965943862482977 -5.60071236116604
8.638605905289893 0.32566130965857987 9.477722244292103
-2.0863232721831455 -6.2293277556690345 0.7543564445589436
-3.181576611110623 3.1047694246474915 -4.329699717970596
-9.96451046803887 1.4321620432139 2.6682807088403413
-6.702399877274994 4.5917309406328695 -13.173936065841895
5.220015875028267 -1.2684281219943863 5.690502987328155
2.3802765499188876 2.3023479307573247 -11.254625457229526
4.901790468962673 -0.9353318637301946 -0.20401530142438595
6.7396115952131055 -9.927796829053644 -10.992242091658847
3.2304521989068 5.384821276881267 -9.778619368788977
2.7808812595800276 5.235922739879502 -2.8840578982991616
-7.591730800040233 1.0280912620486724 -1.2880464450341536
-7.781064266568167 -6.430002316161342 9.212777251629547
9.232393449795545 -2.454180859256092 2.1374927666733257
-2.2740123830413816 8.94810921249514 2.6193027168838943
-6.808072483030987 -5.450237259837327 9.518789398823383
-2.410661847720208 7.779623697247889 -7.079895035262894
2.180660118155334 9.100100820032516 -13.164687619655007
-2.9569045274137533 -7.304247058228381 0.0854357432898552
