-8.788846807533206 -7.38626335770177 -3.503071744705059
-2.0256836964621243 -9.997622348496138 4.838671226153854
-5.269206484009244 3.944766931141821 -6.812286116899658
-8.805719680804568 7.4111453212238345 -2.893783308415344
4.927840032001443 -6.620546172998669 1.1902169390801738
-6.322666843342755 -0.23090815879400317 -3.4492009128901833
-6.766168379372237 5.662445206580104 -3.131152780711113
8.916045119033534 -2.9529174052113394 1.0840572516359648
-8.969742350005808 6.135251533886439 3.194649255457763
9.567590252821663 -5.291976371683875 1.9503953483608947
-4.993307763445001 -9.212367810429905 -7.654954083245492
3.5317838083474626 -7.022471564254323 3.3216242207991953
-0.8025642012491723 1.958978032583472 -4.639204069683281
-5.665520567278257 3.566146994580272 -1.9804559248819145
-8.671840263922672 0.13602961932118163 3.4131681191314325
-1.850135335947968 0.5569007695155577 1.6537259232639003
-1.2915281918562656 2.0707723356293766 6.119623286327794
2.5921662516913546 4.783314818076059 -7.384935420980284
-3.6460608544057287 -1.391866123870706 -2.8600298961072848
-6.999758104051055 -9.791584832344153 -7.995844051027283
5.9064236804320664 9.133989250486621 -4.271127638890594
-5.836040840973656 -1.3896751360784556 6.400602793491456
5.78374044529289 -5.172911932553967 -2.6358140654397886
-9.200853169959228 9.934832680210853 4.2056449126719375
-3.32958451082646 1.4454548194832242 -4.862678674881961
0.2962129411894914 -2.7239044397733414 -2.210663318648922
3.8403023888725762 7.540960884721571 -7.988757077020727
2.014726584454369 -6.507723421101015 -2.3265361119989523
6.737048366751953 8.166269947481982 4.171317116252844
5.773074793025684 1.7642054920934314 3.685044722696335
-3.15908291849569 -0.28211305779541895 -5.839540294200901
7.976843688347458 9.291529760744236 -3.8376627012678917
-7.304512418232399 -2.896935636322149 5.20943567254537
-5.73113842068131 2.2439423746096825 1.3779101975840407
5.607036617971941 2.4053217515916536 5.72877287648758
9.43087659255768 0.15993989525121322 7.4742391453097765
-7.172467876894062 9.851301731296786 3.913476162859443
-3.5589642853378027 2.748871719563109 -1.7602010447922947
5.840053577778416 -0.3445785225702487 -0.5512657496192427
-7.885502684041716 4.161842792826086 0.18250751704238632
-1.24885544747392 4.441107239997839 -0.8903512293278857
-0.7554524696901375 9.071407838548797 6.036240667542087
-1.8517845056044617 -8.29836527903141 -1.10050597058406
-4.133725928865541 7.440952122298093 4.736351601497725
-1.8392312275630047 3.594993349493471 0.8123809026857799
-4.771516192027663 8.275722710986557 -4.67670973329693
6.140389752940582 2.099716309431221 6.417913552199781
-9.742441100525705 -6.717735252532968 -4.509447046489746
9.178590330341027 -4.985621168946118 3.6263247162382566
1.556094438063182 -3.7195072931304 6.4383714188099725
0.9160229283497916 8.065120995801468 5.537292046140896
-7.805342190213482 4.211207613659859 0.12285035317142701
-9.735368986846101 6.964979787024571 -1.3632772185020572
5.473543040625209 1.2879641348760522 6.671520049884251
9.770694783483759 -1.4695815310141178 -4.625226496861917
6.369611001344278 1.2775426404879155 6.304524670775217
1.5414691532936526 4.390581915071198 -3.0956718398506595
-6.883503561151912 -2.5862836669402895 4.226213480276869
0.12213853465800462 -3.171478340214195 6.072955923172957
-1.154911390067186 2.4248572422682724 -5.424126727286918
-0.5770105742141229 8.285815913956757 4.663507091717227
7.654960000725911 -6.489072402456939 -4.295339184277982
-8.38497534603059 -5.1925557304727255 -5.1632927944878615
-6.270819993742673 -9.386680789715253 -6.773163357261395
-2.5446401366201847 -8.768619655876895 1.6180225436371716
-5.839841717759318 6.768655494044566 6.018042591069018
4.087185669750816 -2.766160443772132 8.111605556319795
-0.23996540878409078 -0.4066162753853835 3.3318832723465523
-3.868170635378907 -5.875246598141793 -7.720306205673285
4.273304278338433 -7.157474427773893 -4.743819572536778
8.291545291163612 6.781935005735097 -0.8169092517738548
-2.6937598909089218 -4.636240308880173 -0.3245846494164535
-0.8071641803640457 5.259033427906568 -0.25697632016335614
4.937510856083948 9.833946921350908 -3.6694094856283272
3.7179015422167367 3.722705560666924 0.3397814507304323
2.2555076780904155 -2.175591399261534 1.4917247136265135
-0.8576270971875317 5.125200091532925 -2.2095560562223264
-4.420183397474751 -5.161436342718475 3.104262351927719
3.7942373778223413 8.279125324565918 -2.0856888992511933
-3.669244363450874 -3.0976919006157777 -4.583194861401629
3.1564684807396013 9.965943862482977 2.542866801463388
8.638605905289893 0.32566130965857987 -3.2588793403406897
-2.0863232721831455 -6.2293277556690345 3.533307664664975
-3.181576611110623 3.1047694246474915 -3.5338379221509055
-9.96451046803887 1.4321620432139 0.9091293816732213
-6.702399877274994 4.5917309406328695 -3.7544188135736962
5.220015875028267 -1.2684281219943863 4.0629074441333355
2.3802765499188876 2.3023479307573247 8.165338620862865
4.901790468962673 -0.9353318637301946 6.540061317881443
6.7396115952131055 -9.927796829053644 5.917767803100949
3.2304521989068 5.384821276881267 5.261728097359108
2.7808812595800276 5.235922739879502 -7.418264097459869
-7.591730800040233 1.0280912620486724 3.9888632031510896
-7.781064266568167 -6.430002316161342 5.436710696869375
9.232393449795545 -2.454180859256092 3.9430140042229977
-2.2740123830413816 8.94810921249514 -2.9194029759908884
-6.808072483030987 -5.450237259837327 5.120765769606231
-2.410661847720208 7.779623697247889 2.14497868838494
2.180660118155334 9.100100820032516 3.861236099239617
-2.9569045274137533 -7.304247058228381 2.1771642550065944
