-10.0 -0.719240148861586
-9.797979797979798 1.2463456981204437
-9.595959595959595 -1.2323102673854216
-9.393939393939394 -1.3308520379815991
-9.191919191919192 0.07040075817813879
-8.98989898989899 -0.8231066141705605
-8.787878787878787 -1.7795877509429037
-8.585858585858587 -0.39875667027882944
-8.383838383838384 0.5946395071739574
-8.181818181818182 -1.3491788252872117
-7.979797979797979 -1.9686700730347888
-7.777777777777778 -2.1632711043325354
-7.575757575757576 -1.1691208739591805
-7.373737373737374 -1.6697632294005604
-7.171717171717171 -1.693440694259356
-6.96969696969697 -1.8705411853426441
-6.767676767676768 0.6971629894258315
-6.565656565656566 -0.5122101963769317
-6.363636363636363 0.777186270961297
-6.161616161616162 1.2021551101335461
-5.959595959595959 1.1348726187328573
-5.757575757575758 -0.0229397935345792
-5.555555555555555 2.0084027209302233
-5.353535353535354 1.1001494411797121
-5.151515151515151 0.07844948019125242
-4.94949494949495 1.703589977829493
-4.747474747474747 2.0693788721116113
-4.545454545454546 2.2674063386314023
-4.343434343434343 1.4153265755555529
-4.141414141414142 0.694368455227399
-3.9393939393939394 1.6365136063685473
-3.737373737373738 0.7530757282826253
-3.5353535353535355 0.7121034569949976
-3.333333333333333 1.077621723932674
-3.1313131313131315 -0.9537481298622881
-2.929292929292929 0.5896634948461981
-2.7272727272727275 0.6988485343669318
-2.525252525252525 0.3476353600779618
-2.3232323232323235 0.49381176639306223
-2.121212121212121 0.3451179141188375
-1.9191919191919187 -2.3577812504770215
-1.717171717171718 0.36359923709528474
-1.5151515151515156 -0.7605410124422977
-1.3131313131313131 0.18106710444705654
-1.1111111111111107 -1.3525174239379685
-0.9090909090909101 -0.10177020186161867
-0.7070707070707076 0.03864060465897334
-0.5050505050505052 -1.4755781898359928
-0.30303030303030276 -0.6807495652636439
-0.10101010101010033 0.05088092165230644
0.10101010101010033 -0.6941244498164277
0.30303030303030276 1.5762687546966287
0.5050505050505052 -0.9445920769567733
0.7070707070707076 0.3650333410740829
0.9090909090909083 0.4744017810446408
1.1111111111111107 0.3027823399954822
1.3131313131313131 0.3284115090633032
1.5151515151515156 -0.12943682784106103
1.7171717171717162 1.594995718110313
1.9191919191919187 1.3793523409550064
2.121212121212121 1.8716706451503713
2.3232323232323235 1.4785404838963978
2.525252525252524 0.8282628133327554
2.7272727272727266 1.2387632576580399
2.929292929292929 -0.4031046764598937
3.1313131313131315 0.5900881688385038
3.333333333333334 0.45966679361443175
3.5353535353535346 0.29723981199715105
3.737373737373737 -0.5237426776591647
3.9393939393939394 -1.5887368820231829
4.141414141414142 -1.0297727722859635
4.3434343434343425 -0.6895614306916512
4.545454545454545 -0.45480971480696464
4.747474747474747 -1.0973253309318372
4.94949494949495 -0.4965739033081261
5.1515151515151505 -0.5499497065243744
5.353535353535353 -0.8333530249982154
5.555555555555555 -1.217271441570455
5.757575757575758 0.3741318105874001
5.9595959595959584 -0.7964634915811544
6.161616161616163 1.1715060554052497
6.363636363636363 1.2172761293455623
6.565656565656564 1.3719364066868491
6.767676767676768 0.10298261229824185
6.969696969696969 -0.30099048101941683
7.171717171717173 -0.34989126127155834
7.373737373737374 1.444808089409669
7.575757575757574 -0.13566096635340574
7.777777777777779 0.6550640070700396
7.979797979797979 1.743380090449384
8.18181818181818 1.817730130587951
8.383838383838384 0.5786792051754557
8.585858585858585 1.8728031794863105
8.787878787878789 -0.28930365394065993
8.98989898989899 0.2919189741344553
9.19191919191919 0.31247595353182167
9.393939393939394 -0.3206831871663749
9.595959595959595 0.02572215655224369
9.7979797979798 0.34753755530615343
10.0 -0.7990423046541366
