-10.0 0.4592531792612173
-9.797979797979798 0.29395158607855476
-9.595959595959595 0.1677185415323012
-9.393939393939394 -0.022888638171261255
-9.191919191919192 -0.2641604350491443
-8.98989898989899 -0.4024039673625933
-8.787878787878787 -0.6701733894913742
-8.585858585858587 -0.7164764954655765
-8.383838383838384 -0.8568728543581948
-8.181818181818182 -0.9567363741158936
-7.979797979797979 -1.0328781171130252
-7.777777777777778 -1.0473137863758866
-7.575757575757576 -1.0342755883083967
-7.373737373737374 -0.8984596000458314
-7.171717171717171 -0.8124377163560745
-6.96969696969697 -0.6447202428885335
-6.767676767676768 -0.48076847971870695
-6.565656565656566 -0.36733237275425434
-6.363636363636363 -0.046022259972377286
-6.161616161616162 0.11062546670400779
-5.959595959595959 0.241195047559722
-5.757575757575758 0.5530618944721926
-5.555555555555555 0.7615141600634416
-5.353535353535354 0.7250640229274596
-5.151515151515151 0.9453285732385953
-4.94949494949495 0.8750160069895853
-4.747474747474747 1.0819113880935303
-4.545454545454546 0.9270603322336536
-4.343434343434343 0.8756430311894259
-4.141414141414142 0.8175532106895855
-3.9393939393939394 0.6973339888252957
-3.737373737373738 0.4690141458032423
-3.5353535353535355 0.35734543878305336
-3.333333333333333 0.2686200016737093
-3.1313131313131315 -0.005657571911402714
-2.929292929292929 -0.3049922112038898
-2.7272727272727275 -0.41169653708303566
-2.525252525252525 -0.6095494444976998
-2.3232323232323235 -0.6948022225537183
-2.121212121212121 -0.8650321087939337
-1.9191919191919187 -0.8983833572432602
-1.717171717171718 -0.8921797390567351
-1.5151515151515156 -1.0211160990544297
-1.3131313131313131 -1.0257833860870873
-1.1111111111111107 -0.941866740862355
-0.9090909090909101 -0.8101231006917016
-0.7070707070707076 -0.5896297200399196
-0.5050505050505052 -0.40479885161557116
-0.30303030303030276 -0.3649532119099797
-0.10101010101010033 -0.1514633784274394
0.10101010101010033 0.07826698787563997
0.30303030303030276 0.36659561795779544
0.5050505050505052 0.5292077197156243
0.7070707070707076 0.7348720047384372
0.9090909090909083 0.825441566802833
1.1111111111111107 0.9447171705478362
1.3131313131313131 1.020375464480867
1.5151515151515156 0.9318959212312953
1.7171717171717162 1.0507049908412478
1.9191919191919187 0.9869296276576824
2.121212121212121 0.7732918559380685
2.3232323232323235 0.8255077102415403
2.525252525252524 0.6560836882067165
2.7272727272727266 0.4645901051954277
2.929292929292929 0.12074586543323063
3.1313131313131315 -0.04089827016731497
3.333333333333334 -0.11418118125840834
3.5353535353535346 -0.4162216396324918
3.737373737373737 -0.563828687977477
3.9393939393939394 -0.7157243808127655
4.141414141414142 -0.8478234776881161
4.3434343434343425 -0.91232019709493
4.545454545454545 -0.9693346806674016
4.747474747474747 -0.9149597459056932
4.94949494949495 -1.0322834835924886
5.1515151515151505 -0.9975669880418809
5.353535353535353 -0.8899118854977673
5.555555555555555 -0.5832423520582146
5.757575757575758 -0.457161375515196
5.9595959595959584 -0.3579623745360987
6.161616161616163 -0.20214649483194805
6.363636363636363 0.0650488217850869
6.565656565656564 0.29640457077319765
6.767676767676768 0.42878275362983637
6.969696969696969 0.5803900341030563
7.171717171717173 0.7315874778709291
7.373737373737374 0.9265708360949079
7.575757575757574 1.0042119690477729
7.777777777777779 1.0532058247972593
7.979797979797979 0.9641832118028424
8.18181818181818 1.0396713187732503
8.383838383838384 0.8525030586925384
8.585858585858585 0.756958004188983
8.787878787878789 0.6565603927699348
8.98989898989899 0.4486600392069136
9.19191919191919 0.294382436139094
9.393939393939394 -0.002805325673908971
9.595959595959595 -0.16390797462902312
9.7979797979798 -0.4057121516475703
10.0 -0.5956014252512581
