-10.0 0.5004183832597353
-9.797979797979798 0.4826316345290662
-9.595959595959595 0.5361482140664551
-9.393939393939394 -0.1734387786728962
-9.191919191919192 -0.041004847238104325
-8.98989898989899 -0.21891282404974938
-8.787878787878787 -0.6246693601055128
-8.585858585858587 -0.42317156635069053
-8.383838383838384 -1.2594816944258347
-8.181818181818182 -1.3361287659243275
-7.979797979797979 -1.0935707105279355
-7.777777777777778 -0.7626571132432364
-7.575757575757576 -0.7688728608990337
-7.373737373737374 -0.6760274501945455
-7.171717171717171 -0.38281173642872246
-6.96969696969697 -0.32059280753951414
-6.767676767676768 -0.7521571668535061
-6.565656565656566 -0.6546714272303287
-6.363636363636363 -0.11442464480167612
-6.161616161616162 0.11355436880566776
-5.959595959595959 0.36864540780302274
-5.757575757575758 0.49468472111544
-5.555555555555555 0.30153484211798387
-5.353535353535354 0.8746820535616113
-5.151515151515151 0.7403260302821294
-4.94949494949495 1.1323393630679806
-4.747474747474747 0.9692492249240565
-4.545454545454546 1.200565470461475
-4.343434343434343 0.6747331774693627
-4.141414141414142 1.0037994337183913
-3.9393939393939394 0.5008243429942665
-3.737373737373738 0.20435445369973332
-3.5353535353535355 0.5252356348538397
-3.333333333333333 0.41948752606675854
-3.1313131313131315 0.07849600132581014
-2.929292929292929 -0.25861421270523577
-2.7272727272727275 -0.10293300698045549
-2.525252525252525 -0.372830275528233
-2.3232323232323235 -0.47216687625994236
-2.121212121212121 -0.9701179269138426
-1.9191919191919187 -0.7341885979870959
-1.717171717171718 -0.6348222725721893
-1.5151515151515156 -1.1660281932583347
-1.3131313131313131 -1.3612466883842023
-1.1111111111111107 -0.7354850101633197
-0.9090909090909101 -0.6372001641245092
-0.7070707070707076 -0.264760597725885
-0.5050505050505052 -0.4930408608238506
-0.30303030303030276 -0.44610513157545567
-0.10101010101010033 -0.3638500807219646
0.10101010101010033 -0.0012276164069404544
0.30303030303030276 -0.06051730525573773
0.5050505050505052 0.555402968111609
0.7070707070707076 0.43286368356798993
0.9090909090909083 0.975463803489194
1.1111111111111107 1.1571027917123784
1.3131313131313131 0.9906888057291373
1.5151515151515156 0.8391635333117966
1.7171717171717162 1.0914700726369817
1.9191919191919187 1.0222757004697285
2.121212121212121 0.9983056016428536
2.3232323232323235 0.6516599523174844
2.525252525252524 0.7084256429905869
2.7272727272727266 0.6509140388649168
2.929292929292929 0.3887706546455595
3.1313131313131315 -0.3028946649908026
3.333333333333334 0.16336538616902818
3.5353535353535346 -0.6091979643491765
3.737373737373737 -0.27979600087633205
3.9393939393939394 -0.6412040755023707
4.141414141414142 -0.5378824567308876
4.3434343434343425 -1.1214325820318911
4.545454545454545 -1.2841956765508533
4.747474747474747 -0.656558980139455
4.94949494949495 -1.036077817526918
5.1515151515151505 -0.8580484399933334
5.353535353535353 -1.129420216527669
5.555555555555555 -0.7436495006879351
5.757575757575758 -0.8038670112965229
5.9595959595959584 -0.16562717962448759
6.161616161616163 -0.028361773865645354
6.363636363636363 -0.22582287796139167
6.565656565656564 0.2590645729050666
6.767676767676768 0.3641632660905886
6.969696969696969 0.7231739557943948
7.171717171717173 0.9314899158888074
7.373737373737374 1.1964576082256766
7.575757575757574 1.3553454340115776
7.777777777777779 1.1770469409028117
7.979797979797979 0.7222263767610533
8.18181818181818 0.8249382880962468
8.383838383838384 1.0526532457299722
8.585858585858585 0.837093675465427
8.787878787878789 0.7987313206153734
8.98989898989899 0.5317822447692393
9.19191919191919 0.5351446925721397
9.393939393939394 0.3370030926764733
9.595959595959595 -0.44938587109972117
9.7979797979798 -0.2080552656622146
10.0 -0.7968002081581136
